848 1280 palm_plant_diffuse.tga
  0.02245   0.39607   0.01583 -0.68412  0.17380 -0.70836 0.500 0.060
 -0.02009   0.39770   0.04289 -0.44259  0.16621 -0.88119 0.750 0.060
 -0.01172   0.46024   0.05154 -0.43659  0.21070 -0.87464 0.750 0.130
  0.03075   0.45814   0.02442 -0.67762  0.22037 -0.70162 0.500 0.130
  0.01523   0.33128   0.00835 -0.68670  0.15132 -0.71102 0.500 0.050
 -0.02733   0.33276   0.03538 -0.44488  0.14467 -0.88383 0.750 0.050
  0.04272   0.52444   0.03681 -0.66558  0.28650 -0.68915 0.500 0.200
  0.00037   0.52720   0.06406 -0.42536  0.27390 -0.86258 0.750 0.200
  0.06096   0.60190   0.05570 -0.64950  0.35481 -0.67250 0.500 0.300
  0.08986   0.60544   0.01452 -0.83177  0.33924 -0.43941 0.250 0.300
  0.07143   0.52720  -0.00456 -0.84726  0.27390 -0.45511 0.250 0.200
  0.09331   0.53272  -0.05301 -0.88975  0.26481 -0.37179 0.000 0.200
  0.11211   0.61253  -0.03354 -0.87475  0.32799 -0.35669 0.000 0.300
 -0.06963   0.40097   0.06268 -0.35707  0.16075 -0.92014 1.000 0.060
 -0.07693   0.33571   0.05513 -0.35922  0.13988 -0.92271 1.000 0.050
  0.08477   0.68329   0.08035 -0.62784  0.42804 -0.65008 0.500 0.400
  0.01880   0.60544   0.08314 -0.41021  0.33924 -0.84655 0.750 0.300
  0.04284   0.68765   0.10804 -0.38949  0.40925 -0.82511 0.750 0.400
  0.11343   0.76137   0.11003 -0.59950  0.50527 -0.62073 0.500 0.500
  0.14285   0.76652   0.06939 -0.78396  0.48309 -0.38990 0.250 0.500
  0.11390   0.68765   0.03942 -0.81106  0.40925 -0.41796 0.250 0.400
  0.13664   0.69638  -0.00815 -0.85474  0.39568 -0.33595 0.000 0.400
  0.16616   0.77682   0.02242 -0.82854  0.46707 -0.30882 0.000 0.500
 -0.00548   0.69638   0.12911 -0.30601  0.39568 -0.86591 1.000 0.400
 -0.03001   0.61253   0.10371 -0.32604  0.32799 -0.88663 1.000 0.300
  0.14671   0.83556   0.14448 -0.56658  0.57865 -0.58665 0.500 0.600
  0.07179   0.76652   0.13802 -0.36239  0.48309 -0.79705 0.750 0.500
  0.10540   0.84146   0.17282 -0.33092  0.55325 -0.76447 0.750 0.600
  0.18436   0.90528   0.18347 -0.52985  0.64675 -0.54861 0.500 0.700
  0.21450   0.91188   0.14357 -0.71743  0.61831 -0.32091 0.250 0.700
  0.17646   0.84146   0.10419 -0.75249  0.55325 -0.35731 0.250 0.600
  0.20044   0.85325   0.05792 -0.79811  0.53490 -0.27731 0.000 0.600
  0.23924   0.92508   0.09809 -0.76424  0.59776 -0.24211 0.000 0.700
  0.05833   0.85325   0.19518 -0.24937  0.53490 -0.80728 1.000 0.600
  0.02405   0.77682   0.15968 -0.27981  0.46707 -0.83878 1.000 0.500
  0.22598   0.97012   0.22656 -0.49023  0.70853 -0.50760 0.500 0.800
  0.14344   0.91188   0.21220 -0.29575  0.61831 -0.72816 0.750 0.700
  0.18544   0.97733   0.25568 -0.25771  0.67728 -0.68911 0.750 0.800
  0.27113   1.02967   0.27332 -0.45857  0.75118 -0.47481 0.500 0.900
  0.30199   1.03735   0.23417 -0.64955  0.71802 -0.25005 0.250 0.900
  0.25649   0.97733   0.18706 -0.67973  0.67728 -0.28153 0.250 0.800
  0.28200   0.99175   0.14236 -0.72784  0.65470 -0.20401 0.000 0.800
  0.32818   1.05272   0.19018 -0.69868  0.69407 -0.17353 0.000 0.900
  0.13988   0.99175   0.27962 -0.17856  0.65470 -0.73450 1.000 0.800
  0.09712   0.92508   0.23534 -0.21538  0.59776 -0.77220 1.000 0.700
  0.31806   1.08657   0.32191 -0.44761  0.76475 -0.46347 0.500 0.992
  0.23093   1.03735   0.30280 -0.22730  0.71802 -0.65786 0.750 0.900
  0.27818   1.09467   0.35172 -0.21670  0.73099 -0.64707 0.750 0.992
  0.23304   1.09227   0.35830 -0.13883  0.70661 -0.69385 1.000 0.992
  0.18606   1.05272   0.32744 -0.14911  0.69407 -0.70429 1.000 0.900
 -0.00484   0.13286  -0.01243 -0.68745  0.14407 -0.71180 0.500 0.020
 -0.04740   0.13434   0.01460 -0.44555  0.13770 -0.88461 0.750 0.020
 -0.04071   0.20047   0.02153 -0.44555  0.13770 -0.88460 0.750 0.030
  0.00185   0.19900  -0.00551 -0.68745  0.14407 -0.71180 0.500 0.030
 -0.01153   0.06672  -0.01936 -0.68745  0.14407 -0.71180 0.500 0.010
 -0.05409   0.06820   0.00767 -0.44555  0.13770 -0.88461 0.750 0.010
  0.00854   0.26514   0.00142 -0.68745  0.14407 -0.71180 0.500 0.040
  0.04373   0.33276  -0.03325 -0.86782  0.14467 -0.47536 0.250 0.050
  0.03704   0.26662  -0.04017 -0.86857  0.13770 -0.47606 0.250 0.040
 -0.03402   0.26662   0.02845 -0.44555  0.13770 -0.88460 0.750 0.040
  0.05850   0.26957  -0.08905 -0.91039  0.13310 -0.39177 0.000 0.040
  0.06519   0.33571  -0.08212 -0.90965  0.13988 -0.39111 0.000 0.050
 -0.09700   0.13728   0.03435 -0.35985  0.13310 -0.92347 1.000 0.020
 -0.10369   0.07114   0.02743 -0.35985  0.13311 -0.92347 1.000 0.010
 -0.01822   0.00058  -0.02628 -0.68745  0.14407 -0.71180 0.500 0.000
  0.01697   0.06820  -0.06095 -0.86857  0.13770 -0.47606 0.250 0.010
  0.01028   0.00206  -0.06788 -0.86857  0.13770 -0.47606 0.250 0.000
  0.02805   0.02080  -0.10281 -0.91039  0.13310 -0.39177 0.000 0.000
  0.03843   0.07114  -0.10983 -0.91039  0.13310 -0.39177 0.000 0.010
 -0.01119   0.39819  -0.04461  0.00000  0.11711  0.99312 0.500 0.060
  0.03821   0.39924  -0.03444 -0.29380  0.11202  0.94928 0.750 0.060
  0.03821   0.46236  -0.04288 -0.29357  0.15695  0.94297 0.750 0.130
 -0.01119   0.46085  -0.05298  0.00000  0.16415  0.98644 0.500 0.130
 -0.01119   0.33292  -0.03794  0.00000  0.09446  0.99553 0.500 0.050
  0.03821   0.33381  -0.02775 -0.29399  0.09032  0.95153 0.750 0.050
 -0.01119   0.52802  -0.06638  0.00000  0.23116  0.97292 0.500 0.200
  0.03821   0.53022  -0.05642 -0.29327  0.22099  0.93014 0.750 0.200
 -0.01119   0.60686  -0.08817  0.00000  0.30069  0.95372 0.500 0.300
 -0.06058   0.60985  -0.07842  0.29304  0.28749  0.91186 0.250 0.300
 -0.06058   0.53022  -0.05642  0.29327  0.22099  0.93014 0.250 0.200
 -0.10997   0.53461  -0.03650  0.38172  0.21365  0.89925 0.000 0.200
 -0.10997   0.61583  -0.05894  0.38143  0.27795  0.88162 0.000 0.300
  0.08760   0.40135  -0.01411 -0.38237  0.10837  0.91763 1.000 0.060
  0.08760   0.33560  -0.00737 -0.38261  0.08735  0.91977 1.000 0.050
 -0.01119   0.69008  -0.11772  0.00000  0.37557  0.92679 0.500 0.400
  0.03821   0.60985  -0.07842 -0.29303  0.28749  0.91186 0.750 0.300
  0.03821   0.69391  -0.10828 -0.29305  0.35909  0.88610 0.750 0.400
 -0.01119   0.77039  -0.15444  0.00000  0.45502  0.89048 0.500 0.500
 -0.06058   0.77503  -0.14536  0.29305  0.43504  0.85139 0.250 0.500
 -0.06058   0.69391  -0.10828  0.29305  0.35909  0.88610 0.250 0.400
 -0.10997   0.70156  -0.08939  0.38144  0.34718  0.85672 0.000 0.400
 -0.10997   0.78430  -0.12721  0.38144  0.42062  0.82316 0.000 0.500
  0.08760   0.70156  -0.08939 -0.38144  0.34718  0.85672 1.000 0.400
  0.08760   0.61583  -0.05894 -0.38142  0.27795  0.88162 1.000 0.300
 -0.01119   0.84720  -0.19801  0.00000  0.53099  0.84738 0.500 0.600
  0.03821   0.77503  -0.14536 -0.29305  0.43504  0.85139 0.750 0.500
  0.03821   0.85262  -0.18937 -0.29305  0.50768  0.81018 0.750 0.600
 -0.01119   0.91991  -0.24813  0.00000  0.60201  0.79849 0.500 0.700
 -0.06058   0.92606  -0.24000  0.29312  0.57553  0.76345 0.250 0.700
 -0.06058   0.85262  -0.18937  0.29305  0.50768  0.81018 0.250 0.600
 -0.10997   0.86344  -0.17210  0.38144  0.49084  0.78331 0.000 0.600
 -0.10997   0.93834  -0.22374  0.38152  0.55640  0.73815 0.000 0.700
  0.08760   0.86344  -0.17210 -0.38144  0.49084  0.78331 1.000 0.600
  0.08760   0.78430  -0.12721 -0.38144  0.42062  0.82316 1.000 0.500
 -0.01119   0.98807  -0.30422  0.00000  0.66695  0.74510 0.500 0.800
  0.03821   0.92606  -0.24000 -0.29312  0.57553  0.76345 0.750 0.700
  0.03821   0.99486  -0.29660 -0.29335  0.63753  0.71240 0.750 0.800
 -0.01119   1.05125  -0.36570 -0.00000  0.71214  0.70204 0.500 0.900
 -0.06058   1.05854  -0.35855  0.29351  0.68070  0.67119 0.250 0.900
 -0.06058   0.99486  -0.29660  0.29335  0.63753  0.71239 0.250 0.800
 -0.10997   1.00843  -0.28137  0.38181  0.61626  0.68880 0.000 0.800
 -0.10997   1.07312  -0.34425  0.38201  0.65799  0.64894 0.000 0.900
  0.08760   1.00843  -0.28137 -0.38181  0.61626  0.68880 1.000 0.800
  0.08760   0.93834  -0.22374 -0.38152  0.55640  0.73815 1.000 0.700
 -0.01119   1.11193  -0.42989 -0.00000  0.72659  0.68707 0.500 0.992
  0.03821   1.05854  -0.35855 -0.29351  0.68070  0.67119 0.750 0.900
  0.03821   1.11965  -0.42317 -0.29364  0.69451  0.65684 0.750 0.992
  0.07525   1.11574  -0.39673 -0.38215  0.67134  0.63503 1.000 0.992
  0.08760   1.07312  -0.34425 -0.38201  0.65798  0.64894 1.000 0.900
 -0.01119   0.13316  -0.02046  0.00000  0.08715  0.99619 0.500 0.020
  0.03821   0.13406  -0.01027 -0.29405  0.08330  0.95215 0.750 0.020
  0.03821   0.20064  -0.01610 -0.29405  0.08330  0.95215 0.750 0.030
 -0.01119   0.19975  -0.02629  0.00000  0.08715  0.99619 0.500 0.030
 -0.01119   0.06658  -0.01464  0.00000  0.08716  0.99619 0.500 0.010
  0.03821   0.06747  -0.00445 -0.29405  0.08330  0.95215 0.750 0.010
 -0.01119   0.26633  -0.03211  0.00000  0.08716  0.99619 0.500 0.040
 -0.06058   0.33381  -0.02775  0.29399  0.09032  0.95153 0.250 0.050
 -0.06058   0.26722  -0.02192  0.29405  0.08330  0.95215 0.250 0.040
  0.03821   0.26722  -0.02192 -0.29404  0.08330  0.95215 0.750 0.040
 -0.10997   0.26901  -0.00154  0.38268  0.08052  0.92036 0.000 0.040
 -0.10997   0.33560  -0.00737  0.38261  0.08735  0.91977 0.000 0.050
  0.08760   0.13584   0.01011 -0.38268  0.08052  0.92036 1.000 0.020
  0.08760   0.06926   0.01594 -0.38268  0.08052  0.92036 1.000 0.010
  0.07525   0.01887   0.01521 -0.38268  0.08052  0.92037 1.000 0.000
  0.03821   0.00089   0.00138 -0.29405  0.08330  0.95215 0.750 0.000
  0.01502   0.74315  -0.03097 -0.90650  0.09814  0.41064 0.500 0.060
  0.02499   0.74441   0.01878 -0.99150  0.09287  0.09107 0.750 0.060
  0.03362   0.82334   0.01483 -0.98488  0.14893  0.08847 0.750 0.130
  0.02358   0.82164  -0.03489 -0.89952  0.15758  0.40748 0.500 0.130
  0.00819   0.64573  -0.02785 -0.90884  0.06718  0.41170 0.500 0.050
  0.01814   0.64702   0.02191 -0.99375  0.06356  0.09171 0.750 0.050
  0.03730   0.89722  -0.04115 -0.88623  0.23115  0.40146 0.500 0.200
  0.04748   0.89968   0.00850 -0.97231  0.21834  0.08326 0.750 0.200
  0.05959   0.98591  -0.05134 -0.86875  0.30068  0.39354 0.500 0.300
  0.02925   0.98928  -0.09178 -0.68704  0.28460  0.66857 0.250 0.300
  0.00673   0.89968  -0.08149 -0.70342  0.21878  0.67627 0.250 0.200
 -0.03403   0.90462  -0.11718 -0.62947  0.20989  0.74814 0.000 0.200
 -0.01107   0.99600  -0.12767 -0.61383  0.27306  0.74071 0.000 0.300
  0.02456   0.74692   0.07328 -0.99594  0.08925 -0.01209 1.000 0.060
  0.01766   0.64961   0.07643 -0.99807  0.06108 -0.01158 1.000 0.050
  0.08983   1.07954  -0.06515 -0.84422  0.37557  0.38243 0.500 0.400
  0.07000   0.98928  -0.00178 -0.95579  0.28405  0.07605 0.750 0.300
  0.10054   1.08385  -0.01574 -0.93264  0.35480  0.06554 0.750 0.400
  0.12741   1.16990  -0.08232 -0.81114  0.45501  0.36745 0.500 0.500
  0.09774   1.17512  -0.12307 -0.63246  0.43065  0.64385 0.250 0.500
  0.05979   1.08385  -0.10574 -0.66379  0.35547  0.65805 0.250 0.400
  0.02009   1.09246  -0.14190 -0.59152  0.34105  0.73061 0.000 0.400
  0.05880   1.18555  -0.15959 -0.56146  0.41318  0.71697 0.000 0.500
  0.10159   1.09246   0.03809 -0.93964  0.34024 -0.03621 1.000 0.400
  0.07043   0.99600   0.05232 -0.96183  0.27239 -0.02613 1.000 0.300
  0.17199   1.25632  -0.10269 -0.77188  0.53098  0.34966 0.500 0.600
  0.13849   1.17512  -0.03308 -0.90143  0.42986  0.05140 0.750 0.500
  0.18353   1.26241  -0.05365 -0.86437  0.50166  0.03460 0.750 0.600
  0.22328   1.33812  -0.12612 -0.72735  0.60200  0.32949 0.500 0.700
  0.19459   1.34503  -0.16732 -0.55307  0.56966  0.60795 0.250 0.700
  0.14278   1.26241  -0.14365 -0.59527  0.50253  0.62699 0.250 0.600
  0.10473   1.27458  -0.18057 -0.52577  0.48214  0.70079 0.000 0.600
  0.15757   1.35886  -0.20471 -0.48528  0.54649  0.68253 0.000 0.700
  0.18623   1.27458  -0.00058 -0.87419  0.48109 -0.06589 1.000 0.600
  0.14030   1.18555   0.02040 -0.90972  0.41223 -0.04978 1.000 0.500
  0.28068   1.41481  -0.15234 -0.67872  0.66694  0.30746 0.500 0.800
  0.23534   1.34503  -0.07732 -0.82238  0.56873  0.01548 0.750 0.700
  0.29326   1.42244  -0.10378 -0.77656  0.63002 -0.00557 0.750 0.800
  0.34360   1.48589  -0.18109 -0.63950  0.71213  0.28969 0.500 0.900
  0.31591   1.49409  -0.22274 -0.46964  0.67368  0.57061 0.250 0.900
  0.25251   1.42244  -0.19378 -0.50689  0.63098  0.58730 0.250 0.800
  0.21655   1.43771  -0.23166 -0.44096  0.60523  0.66277 0.000 0.800
  0.28090   1.51049  -0.26105 -0.40518  0.64616  0.64677 0.000 0.900
  0.29805   1.43771  -0.05167 -0.79005  0.60407 -0.10449 1.000 0.800
  0.23907   1.35886  -0.02472 -0.83395  0.54537 -0.08425 1.000 0.700
  0.40928   1.55416  -0.21109 -0.62586  0.72658  0.28352 0.500 0.992
  0.35666   1.49409  -0.13275 -0.73956  0.67271 -0.02253 0.750 0.900
  0.42279   1.56285  -0.16296 -0.72670  0.68636 -0.02850 0.750 0.992
  0.41101   1.55844  -0.11685 -0.74222  0.65810 -0.12658 1.000 0.992
  0.36239   1.51049  -0.08106 -0.75458  0.64500 -0.12081 1.000 0.900
 -0.08173   0.27259  -0.09539 -0.64955  0.04439  0.75902 0.000 0.020
 -0.08769   0.13989  -0.09266 -0.64951  0.04494  0.75902 0.000 0.010
 -0.04646   0.13674  -0.05719 -0.72475  0.04686  0.68741 0.250 0.010
 -0.04050   0.26945  -0.05992 -0.72479  0.04628  0.68741 0.250 0.020
 -0.00969   0.26787  -0.01968 -0.90981  0.04892  0.41214 0.500 0.020
 -0.01565   0.13517  -0.01696 -0.90978  0.04954  0.41213 0.500 0.010
  0.00025   0.26944   0.03008 -0.99469  0.04619  0.09196 0.750 0.020
  0.00621   0.40437   0.02735 -0.99466  0.04691  0.09194 0.750 0.030
 -0.00373   0.40280  -0.02241 -0.90977  0.04968  0.41212 0.500 0.030
 -0.00571   0.13674   0.03280 -0.99467  0.04677  0.09193 0.750 0.010
  0.00223   0.53155  -0.02513 -0.90956  0.05411  0.41203 0.500 0.040
 -0.02261   0.64702  -0.06809 -0.72399  0.06369  0.68686 0.250 0.050
 -0.02857   0.53306  -0.06536 -0.72458  0.05123  0.68729 0.250 0.040
  0.01218   0.53306   0.02463 -0.99446  0.05113  0.09187 0.750 0.040
 -0.06980   0.53606  -0.10083 -0.64935  0.04918  0.75890 0.000 0.040
 -0.06384   0.64961  -0.10356 -0.64883  0.06123  0.75847 0.000 0.050
 -0.00023   0.27259   0.08460 -0.99895  0.04427 -0.01140 1.000 0.020
 -0.00619   0.13989   0.08733 -0.99893  0.04483 -0.01143 1.000 0.010
 -0.00839   0.00358  -0.03012  0.24692  0.04974 -0.96776 0.500 0.000
 -0.05345   0.00516  -0.05346  0.54994  0.04696 -0.83389 0.750 0.000
 -0.05505   0.13674  -0.04710  0.54993  0.04677 -0.83390 0.750 0.010
 -0.00999   0.13517  -0.02377  0.24692  0.04954 -0.96777 0.500 0.010
 -0.01054   0.04042   0.07574 -0.99892  0.04502 -0.01144 1.000 0.000
 -0.01167   0.00516   0.03552 -0.99466  0.04696  0.09192 0.750 0.000
 -0.04962   0.36427   0.04028  0.85536  0.20952 -0.47377 0.000 0.060
 -0.03972   0.31737   0.03943  0.86153  0.18038 -0.47458 0.000 0.050
 -0.05404   0.31431   0.01227  0.90087  0.18676 -0.39185 0.250 0.050
 -0.06392   0.36125   0.01311  0.89450  0.21658 -0.39111 0.250 0.060
 -0.07279   0.35958  -0.01504  0.96656  0.22713 -0.11901 0.500 0.060
 -0.06293   0.31262  -0.01589  0.97317  0.19667 -0.11945 0.500 0.050
 -0.07081   0.36058  -0.04518  0.96268  0.22039  0.15708 0.750 0.060
 -0.08045   0.39841  -0.04420  0.94829  0.27536  0.15786 0.750 0.130
 -0.08236   0.39719  -0.01407  0.95118  0.28526 -0.11784 0.500 0.130
 -0.06093   0.31364  -0.04603  0.96886  0.19148  0.15697 0.750 0.050
 -0.09448   0.43303  -0.01261  0.92709  0.35650 -0.11577 0.500 0.200
 -0.09268   0.43461  -0.04273  0.92578  0.34281  0.15940 0.750 0.200
 -0.11197   0.47466  -0.01030  0.89899  0.42310 -0.11318 0.500 0.300
 -0.10346   0.47734   0.01790  0.82842  0.40751 -0.38425 0.250 0.300
 -0.08579   0.43529   0.01557  0.85601  0.34260 -0.38712 0.250 0.200
 -0.07186   0.43946   0.04278  0.81800  0.33217 -0.46962 0.000 0.200
 -0.08989   0.48235   0.04515  0.79110  0.39543 -0.46669 0.000 0.300
 -0.06340   0.36293  -0.07632  0.94629  0.21495  0.24153 1.000 0.060
 -0.05350   0.31603  -0.07717  0.95222  0.18693  0.24151 1.000 0.050
 -0.13399   0.51813  -0.00723  0.86253  0.49399 -0.10963 0.500 0.400
 -0.11035   0.47666  -0.04040  0.89946  0.40603  0.16162 0.750 0.300
 -0.13260   0.52057  -0.03729  0.86527  0.47338  0.16497 0.750 0.400
 -0.15969   0.55949  -0.00346  0.81622  0.56813 -0.10493 0.500 0.500
 -0.15166   0.56302   0.02481  0.74694  0.54848 -0.37585 0.250 0.500
 -0.12571   0.52124   0.02100  0.79252  0.47647 -0.38064 0.250 0.400
 -0.11258   0.52713   0.04832  0.75602  0.46260 -0.46307 0.000 0.400
 -0.13905   0.56974   0.05221  0.71149  0.53269 -0.45827 0.000 0.500
 -0.12636   0.52578  -0.06827  0.85258  0.45946  0.24899 1.000 0.400
 -0.10367   0.48100  -0.07144  0.88553  0.39429  0.24570 1.000 0.300
 -0.18884   0.59845   0.00098  0.76369  0.63788 -0.09944 0.500 0.600
 -0.15855   0.56235  -0.03348  0.82184  0.54395  0.16940 0.750 0.500
 -0.18800   0.60169  -0.02900  0.77253  0.61051  0.17460 0.750 0.600
 -0.22125   0.63468   0.00605  0.70613  0.70191 -0.09327 0.500 0.700
 -0.21385   0.63897   0.03441  0.63872  0.67788 -0.36404 0.250 0.700
 -0.18111   0.60237   0.02929  0.69526  0.61606 -0.37024 0.250 0.600
 -0.16909   0.60987   0.05678  0.66103  0.59844 -0.45267 0.000 0.600
 -0.20247   0.64721   0.06200  0.60585  0.65849 -0.44647 0.000 0.700
 -0.18287   0.60853  -0.05982  0.76318  0.59226  0.25843 1.000 0.600
 -0.15283   0.56840  -0.06439  0.81072  0.52778  0.25333 1.000 0.500
 -0.25657   0.66800   0.01169  0.64497  0.75929 -0.08659 0.500 0.800
 -0.22074   0.63830  -0.02389  0.71846  0.67174  0.18050 0.750 0.700
 -0.25638   0.67193  -0.01819  0.66096  0.72674  0.18706 0.750 0.800
 -0.29445   0.69820   0.01785  0.59661  0.79841 -0.08124 0.500 0.900
 -0.28765   0.70304   0.04631  0.53123  0.77055 -0.35219 0.250 0.900
 -0.24949   0.67260   0.04011  0.57868  0.73303 -0.35747 0.250 0.800
 -0.23877   0.68147   0.06779  0.54727  0.71198 -0.43996 0.000 0.800
 -0.27751   0.71239   0.07409  0.50096  0.74838 -0.43471 0.000 0.900
 -0.25255   0.68012  -0.04880  0.65562  0.70489  0.27073 1.000 0.800
 -0.21626   0.64586  -0.05460  0.71107  0.65159  0.26424 1.000 0.700
 -0.33361   0.72683   0.02426  0.57997  0.81076 -0.07939 0.500 0.992
 -0.29455   0.70237  -0.01199  0.61540  0.76440  0.19230 0.750 0.900
 -0.33398   0.73121  -0.00553  0.59969  0.77631  0.19419 0.750 0.992
 -0.32195   0.73071  -0.02999  0.59645  0.75304  0.27780 1.000 0.992
 -0.29129   0.71104  -0.04250  0.61165  0.74145  0.27592 1.000 0.900
 -0.00606   0.13504   0.03698  0.86478  0.16294 -0.47497 0.000 0.020
  0.00561   0.07084   0.03615  0.86467  0.16351 -0.47498 0.000 0.010
 -0.00868   0.06751   0.00899  0.90410  0.16962 -0.39221 0.250 0.010
 -0.02035   0.13171   0.00982  0.90422  0.16902 -0.39220 0.250 0.020
 -0.02922   0.12988  -0.01833  0.97661  0.17865 -0.11965 0.500 0.020
 -0.01755   0.06568  -0.01916  0.97650  0.17926 -0.11965 0.500 0.010
 -0.02724   0.13104  -0.04848  0.97211  0.17428  0.15693 0.750 0.020
 -0.03905   0.19632  -0.04764  0.97198  0.17501  0.15693 0.750 0.030
 -0.04103   0.19516  -0.01750  0.97647  0.17940 -0.11964 0.500 0.030
 -0.01557   0.06684  -0.04931  0.97200  0.17486  0.15695 0.750 0.010
 -0.05245   0.25744  -0.01668  0.97567  0.18377 -0.11960 0.500 0.040
 -0.04358   0.25924   0.01147  0.90329  0.17407 -0.39213 0.250 0.040
 -0.05047   0.25856  -0.04682  0.97122  0.17918  0.15696 0.750 0.040
 -0.02928   0.26250   0.03863  0.86388  0.16791 -0.47489 0.000 0.040
 -0.01984   0.13369  -0.07962  0.95536  0.17016  0.24151 1.000 0.020
 -0.00817   0.06950  -0.08045  0.95526  0.17071  0.24153 1.000 0.010
 -0.03560   0.36559  -0.07760 -0.24110  0.17890  0.95387 0.000 0.060
 -0.04079   0.31838  -0.07106 -0.24413  0.14957  0.95814 0.000 0.050
 -0.01111   0.31569  -0.06309 -0.33158  0.15496  0.93061 0.250 0.050
 -0.00592   0.36294  -0.06960 -0.32837  0.18497  0.92626 0.250 0.060
  0.02075   0.36145  -0.05692 -0.57666  0.19419  0.79357 0.500 0.060
  0.01557   0.31418  -0.05042 -0.58024  0.16352  0.79786 0.500 0.050
  0.04141   0.36227  -0.03488 -0.77574  0.18868  0.60219 0.750 0.060
  0.04651   0.40040  -0.04157 -0.76759  0.24409  0.59265 0.750 0.130
  0.02581   0.39937  -0.06356 -0.56819  0.25279  0.78311 0.500 0.130
  0.03623   0.31502  -0.02837 -0.77930  0.15957  0.60599 0.750 0.050
  0.03229   0.43560  -0.07243 -0.55469  0.32481  0.76604 0.500 0.200
  0.05306   0.43700  -0.05053 -0.75471  0.31227  0.57698 0.750 0.200
  0.04170   0.47780  -0.08565 -0.53875  0.39233  0.74554 0.500 0.300
  0.01523   0.48030  -0.09860 -0.29213  0.37803  0.87849 0.250 0.300
  0.00572   0.43767  -0.08525 -0.30755  0.31223  0.89885 0.250 0.200
 -0.02375   0.44148  -0.09352 -0.22111  0.30275  0.92707 0.000 0.200
 -0.01405   0.48496  -0.10714 -0.20616  0.36688  0.90714 0.000 0.300
  0.05907   0.36424  -0.00816 -0.82620  0.18412  0.53245 1.000 0.060
  0.05388   0.31703  -0.00163 -0.82967  0.15591  0.53604 1.000 0.050
  0.05361   0.52199  -0.10266 -0.51789  0.46441  0.71841 0.500 0.400
  0.06256   0.47962  -0.06388 -0.73964  0.37634  0.55795 0.750 0.300
  0.07459   0.52426  -0.08106 -0.72012  0.44481  0.53251 0.750 0.400
  0.06755   0.56421  -0.12288 -0.49122  0.54008  0.68338 0.500 0.500
  0.04133   0.56758  -0.13621 -0.24551  0.52168  0.81705 0.250 0.500
  0.02725   0.52494  -0.11578 -0.27166  0.44817  0.85167 0.250 0.400
 -0.00179   0.53049  -0.12467 -0.18622  0.43520  0.88087 0.000 0.400
  0.01257   0.57398  -0.14550 -0.16076  0.50676  0.84696 0.000 0.500
  0.09288   0.52914  -0.05523 -0.77262  0.43166  0.46554 1.000 0.400
  0.08062   0.48361  -0.03771 -0.79139  0.36541  0.49009 1.000 0.300
  0.08341   0.60413  -0.14615 -0.46081  0.61157  0.64315 0.500 0.600
  0.08867   0.56690  -0.10149 -0.69515  0.51681  0.49967 0.750 0.500
  0.10469   0.60723  -0.12499 -0.66665  0.58500  0.46191 0.750 0.600
  0.10108   0.64145  -0.17231 -0.42734  0.67752  0.59863 0.500 0.700
  0.07521   0.64560  -0.18613 -0.18292  0.65467  0.73344 0.250 0.700
  0.05736   0.60790  -0.15971 -0.21571  0.59097  0.77731 0.250 0.600
  0.02891   0.61511  -0.16947 -0.13176  0.57418  0.80805 0.000 0.600
  0.04712   0.65356  -0.19642 -0.09985  0.63607  0.76514 0.000 0.700
  0.12359   0.61376  -0.10003 -0.72120  0.56741  0.39739 1.000 0.600
  0.10724   0.57263  -0.07606 -0.74861  0.50136  0.43385 1.000 0.500
  0.12038   0.67595  -0.20105 -0.39166  0.73693  0.55094 0.500 0.800
  0.12254   0.64492  -0.15141 -0.63532  0.64803  0.42004 0.750 0.700
  0.14202   0.67975  -0.18042 -0.60199  0.70495  0.37505 0.750 0.800
  0.14111   0.70742  -0.23211 -0.36337  0.77767  0.51302 0.500 0.900
  0.11557   0.71215  -0.24643 -0.12012  0.75094  0.64935 0.250 0.900
  0.09468   0.68043  -0.21514 -0.14788  0.71184  0.68660 0.250 0.800
  0.06695   0.68904  -0.22596 -0.06573  0.69152  0.71936 0.000 0.800
  0.08815   0.72127  -0.25772 -0.03870  0.72946  0.68292 0.000 0.900
  0.16162   0.68769  -0.15652 -0.65909  0.68362  0.31347 1.000 0.800
  0.14179   0.65221  -0.12698 -0.69109  0.62847  0.35696 1.000 0.700
  0.16255   0.73738  -0.26432 -0.35362  0.79058  0.49993 0.500 0.992
  0.16290   0.71148  -0.21171 -0.57551  0.74413  0.33920 0.750 0.900
  0.18449   0.74165  -0.24415 -0.56641  0.75658  0.32676 0.750 0.992
  0.19418   0.74065  -0.21869 -0.62487  0.73375  0.26672 1.000 0.992
  0.18282   0.71992  -0.18828 -0.63363  0.72166  0.27879 1.000 0.900
 -0.05832   0.13502  -0.04976 -0.24571  0.13202  0.96031 0.000 0.020
 -0.06439   0.07046  -0.04241 -0.24564  0.13260  0.96025 0.000 0.010
 -0.03472   0.06750  -0.03441 -0.33317  0.13771  0.93276 0.250 0.010
 -0.02865   0.13206  -0.04176 -0.33324  0.13711  0.93282 0.250 0.020
 -0.00198   0.13041  -0.02908 -0.58208  0.14539  0.80003 0.500 0.020
 -0.00806   0.06585  -0.02173 -0.58202  0.14600  0.79996 0.500 0.010
  0.01868   0.13138  -0.00704 -0.78114  0.14227  0.60793 0.750 0.020
  0.02483   0.19703  -0.01447 -0.78107  0.14300  0.60785 0.750 0.030
  0.00416   0.19605  -0.03651 -0.58201  0.14615  0.79994 0.500 0.030
  0.01261   0.06683   0.00031 -0.78109  0.14285  0.60786 0.750 0.010
  0.01010   0.25868  -0.04372 -0.58158  0.15055  0.79944 0.500 0.040
 -0.01657   0.26029  -0.05639 -0.33277  0.14219  0.93223 0.250 0.040
  0.03077   0.25962  -0.02167 -0.78065  0.14720  0.60739 0.750 0.040
 -0.04624   0.26319  -0.06439 -0.24526  0.13702  0.95973 0.000 0.040
  0.03635   0.13367   0.01968 -0.83148  0.13905  0.53788 1.000 0.020
  0.03028   0.06911   0.02703 -0.83143  0.13961  0.53780 1.000 0.010
  0.05454   0.29253   0.00740 -0.76131  0.26673 -0.59098 0.000 0.060
  0.04959   0.25506  -0.00182 -0.76536  0.23805 -0.59796 0.000 0.050
  0.03371   0.25201   0.01730 -0.70418  0.24629 -0.66594 0.250 0.050
  0.03865   0.28951   0.02651 -0.70009  0.27564 -0.65871 0.250 0.060
  0.02034   0.28787   0.04194 -0.47697  0.28870 -0.83015 0.500 0.060
  0.01541   0.25035   0.03273 -0.48089  0.25872 -0.83774 0.500 0.050
 -0.00279   0.28896   0.05001 -0.22130  0.27967 -0.93424 0.750 0.060
  0.00193   0.31910   0.05859 -0.21328  0.33360 -0.91827 0.750 0.130
  0.02504   0.31784   0.05047 -0.46810  0.34572 -0.81324 0.500 0.130
 -0.00773   0.25146   0.04079 -0.22470  0.25121 -0.94149 0.750 0.050
  0.03085   0.34623   0.06066 -0.45463  0.41528 -0.78794 0.500 0.200
  0.00781   0.34779   0.06889 -0.20102  0.39949 -0.89443 0.750 0.200
  0.03914   0.37904   0.07486 -0.43926  0.47996 -0.75941 0.500 0.300
  0.05762   0.38147   0.05974 -0.66217  0.46195 -0.59003 0.250 0.300
  0.04925   0.34833   0.04539 -0.67754  0.39894 -0.61788 0.250 0.200
  0.06532   0.35226   0.02660 -0.73915  0.38674 -0.55144 0.000 0.200
  0.07386   0.38606   0.04123 -0.72404  0.44815 -0.52433 0.000 0.300
 -0.02835   0.29143   0.05440 -0.13730  0.27257 -0.95229 1.000 0.060
 -0.03329   0.25396   0.04517 -0.14051  0.24498 -0.95929 1.000 0.050
  0.04947   0.41309   0.09228 -0.41963  0.54836 -0.72333 0.500 0.400
  0.01618   0.38092   0.08323 -0.18679  0.46090 -0.86757 0.750 0.300
  0.02661   0.41532   0.10083 -0.16834  0.52592 -0.83371 0.750 0.400
  0.06143   0.44525   0.11213 -0.39504  0.61939 -0.67846 0.500 0.500
  0.08013   0.44835   0.09738 -0.61842  0.59741 -0.51054 0.250 0.500
  0.06806   0.41587   0.07733 -0.64276  0.52848 -0.55459 0.250 0.400
  0.08450   0.42114   0.05918 -0.70501  0.51293 -0.48975 0.000 0.400
  0.09682   0.45428   0.07963 -0.68114  0.58003 -0.44679 0.000 0.500
  0.00162   0.42005   0.10618 -0.08645  0.51060 -0.85546 1.000 0.400
 -0.00903   0.38496   0.08823 -0.10428  0.44768 -0.88809 1.000 0.300
  0.07490   0.47528   0.13425 -0.36743  0.68563 -0.62841 0.500 0.600
  0.03869   0.44780   0.12088 -0.14521  0.59357 -0.79157 0.750 0.500
  0.05230   0.47813   0.14322 -0.11923  0.65683 -0.74455 0.750 0.600
  0.08981   0.50293   0.15847 -0.33744  0.74585 -0.57432 0.500 0.700
  0.10880   0.50661   0.14418 -0.56155  0.71962 -0.40843 0.250 0.700
  0.09374   0.47868   0.11972 -0.59112  0.66155 -0.46145 0.250 0.600
  0.11070   0.48521   0.10241 -0.65435  0.64241 -0.39891 0.000 0.600
  0.12606   0.51370   0.12737 -0.62537  0.69881 -0.34724 0.000 0.700
  0.02782   0.48412   0.14941 -0.03894  0.63741 -0.76954 1.000 0.600
  0.01393   0.45318   0.12663 -0.06408  0.57611 -0.81486 1.000 0.500
  0.10598   0.52807   0.18455 -0.30578  0.79919 -0.51748 0.500 0.800
  0.06735   0.50606   0.16768 -0.09092  0.71448 -0.69373 0.750 0.700
  0.08368   0.53144   0.19400 -0.06087  0.76568 -0.64034 0.750 0.800
  0.12326   0.55054   0.21224 -0.28088  0.83514 -0.47292 0.500 0.900
  0.14254   0.55464   0.19840 -0.50609  0.80522 -0.30904 0.250 0.900
  0.12512   0.53198   0.17050 -0.53051  0.77082 -0.35271 0.250 0.800
  0.14268   0.53955   0.15417 -0.59501  0.74844 -0.29293 0.000 0.800
  0.16036   0.56257   0.18249 -0.57108  0.78178 -0.25035 0.000 0.900
  0.05979   0.53845   0.20117  0.01760  0.74291 -0.66916 1.000 0.800
  0.04317   0.51260   0.17437 -0.01154  0.69327 -0.72058 1.000 0.700
  0.14111   0.57169   0.24073 -0.27234  0.84640 -0.45765 0.500 0.992
  0.10109   0.55409   0.22190 -0.03720  0.80034 -0.59839 0.750 0.900
  0.11906   0.57539   0.25059 -0.02900  0.81122 -0.58402 0.750 0.992
  0.09697   0.57575   0.24931  0.04856  0.78717 -0.61483 1.000 0.992
  0.07747   0.56147   0.22949  0.04058  0.77658 -0.62871 1.000 0.900
  0.03253   0.10913  -0.03437 -0.76753  0.22085 -0.60177 0.000 0.020
  0.02660   0.05774  -0.04571 -0.76748  0.22142 -0.60163 0.000 0.010
  0.01070   0.05447  -0.02663 -0.70630  0.22938 -0.66972 0.250 0.010
  0.01663   0.10586  -0.01529 -0.70636  0.22880 -0.66986 0.250 0.020
 -0.00168   0.10409   0.00013 -0.48298  0.24096 -0.84183 0.500 0.020
 -0.00761   0.05270  -0.01121 -0.48291  0.24156 -0.84169 0.500 0.010
 -0.02481   0.10531   0.00821 -0.22654  0.23425 -0.94541 0.750 0.020
 -0.01881   0.15757   0.01970 -0.22646  0.23496 -0.94525 0.750 0.030
  0.00432   0.15635   0.01161 -0.48290  0.24170 -0.84166 0.500 0.030
 -0.03074   0.05392  -0.00313 -0.22646  0.23482 -0.94529 0.750 0.010
  0.01011   0.20620   0.02268 -0.48240  0.24601 -0.84069 0.500 0.040
  0.02842   0.20794   0.00726 -0.70577  0.23378 -0.66876 0.250 0.040
 -0.01302   0.20740   0.03076 -0.22602  0.23908 -0.94433 0.750 0.040
  0.04432   0.21116  -0.01184 -0.76695  0.22575 -0.60069 0.000 0.040
 -0.05035   0.10803   0.01263 -0.14225  0.22845 -0.96311 1.000 0.020
 -0.05628   0.05664   0.00129 -0.14217  0.22899 -0.96299 1.000 0.010
 -0.00778   0.17411   0.02710  0.13180  0.29036 -0.94780 0.000 0.060
 -0.00414   0.15182   0.02127  0.13624  0.26190 -0.95543 0.000 0.050
 -0.01879   0.14985   0.01864  0.22550  0.27092 -0.93582 0.250 0.050
 -0.02243   0.17217   0.02447  0.22085  0.30003 -0.92801 0.250 0.060
 -0.03590   0.17111   0.01950  0.48020  0.31414 -0.81898 0.500 0.060
 -0.03226   0.14878   0.01368  0.48525  0.28440 -0.82683 0.500 0.050
 -0.04699   0.17184   0.00987  0.69752  0.30417 -0.64880 0.750 0.060
 -0.05030   0.18975   0.01529  0.68690  0.35760 -0.63269 0.750 0.130
 -0.03918   0.18892   0.02489  0.46913  0.37063 -0.80159 0.500 0.130
 -0.04335   0.14952   0.00404  0.70251  0.27593 -0.65600 0.750 0.050
 -0.04299   0.20576   0.03134  0.45290  0.43941 -0.77576 0.500 0.200
 -0.05415   0.20675   0.02181  0.67138  0.42275 -0.60871 0.750 0.200
 -0.04819   0.22516   0.04032  0.43488  0.50319 -0.74678 0.500 0.300
 -0.03484   0.22668   0.04548  0.17749  0.48420 -0.85677 0.250 0.300
 -0.02959   0.20708   0.03641  0.19491  0.42206 -0.88537 0.250 0.200
 -0.01506   0.20957   0.03924  0.10682  0.40913 -0.90620 0.000 0.200
 -0.02041   0.22956   0.04850  0.08995  0.46969 -0.87824 0.000 0.300
 -0.05690   0.17346  -0.00210  0.75495  0.29638 -0.58498 1.000 0.060
 -0.05326   0.15116  -0.00793  0.75982  0.26900 -0.59187 1.000 0.050
 -0.05446   0.24525   0.05135  0.41236  0.57048 -0.71029 0.500 0.400
 -0.05940   0.22635   0.03088  0.65429  0.48333 -0.58164 0.750 0.300
 -0.06573   0.24664   0.04202  0.63315  0.54730 -0.54734 0.750 0.400
 -0.06151   0.26416   0.06392  0.38464  0.64011 -0.66507 0.500 0.500
 -0.04829   0.26607   0.06931  0.12834  0.61718 -0.77628 0.250 0.500
 -0.04118   0.24697   0.05662  0.15545  0.54962 -0.82083 0.250 0.400
 -0.02688   0.25026   0.05986  0.06849  0.53339 -0.84309 0.000 0.400
 -0.03413   0.26974   0.07281  0.04212  0.59915 -0.79953 0.000 0.500
 -0.07599   0.24960   0.03066  0.69287  0.53141 -0.48737 1.000 0.400
 -0.06953   0.22890   0.01930  0.71321  0.46950 -0.52048 1.000 0.300
 -0.06926   0.28174   0.07792  0.35398  0.70481 -0.61477 0.500 0.600
 -0.07284   0.26574   0.05471  0.60712  0.61364 -0.50483 0.750 0.500
 -0.08067   0.28350   0.06886  0.57832  0.67545 -0.45751 0.750 0.600
 -0.07766   0.29786   0.09326  0.32107  0.76336 -0.56053 0.500 0.700
 -0.06460   0.30012   0.09895  0.06623  0.73623 -0.67348 0.250 0.700
 -0.05612   0.28383   0.08346  0.09839  0.67980 -0.72677 0.250 0.600
 -0.04211   0.28785   0.08723  0.01299  0.66005 -0.75111 0.000 0.600
 -0.05077   0.30446   0.10304 -0.01827  0.71485 -0.69904 0.000 0.700
 -0.09123   0.28720   0.05804  0.64011  0.65556 -0.40064 1.000 0.600
 -0.08325   0.26908   0.04361  0.66782  0.59566 -0.44633 1.000 0.500
 -0.08663   0.31244   0.10978  0.28670  0.81494 -0.50366 0.500 0.800
 -0.08916   0.29979   0.08435  0.54746  0.73152 -0.40642 0.750 0.700
 -0.09822   0.31450   0.10102  0.51531  0.78106 -0.35269 0.750 0.800
 -0.09609   0.32539   0.12732  0.25988  0.84950 -0.45914 0.500 0.900
 -0.08319   0.32789   0.13329  0.00629  0.81876 -0.57411 0.250 0.900
 -0.07366   0.31483   0.11562  0.03255  0.78570 -0.61775 0.250 0.800
 -0.05999   0.31946   0.12001 -0.05104  0.76279 -0.64462 0.000 0.800
 -0.06967   0.33272   0.13795 -0.07658  0.79483 -0.60199 0.000 0.900
 -0.10911   0.31880   0.09081  0.57958  0.75794 -0.29937 1.000 0.800
 -0.09989   0.30381   0.07384  0.61044  0.70990 -0.35129 1.000 0.700
 -0.10579   0.33753   0.14537  0.25071  0.86029 -0.44390 0.500 0.992
 -0.10775   0.32756   0.11870  0.49016  0.81443 -0.31056 0.750 0.900
 -0.11751   0.33979   0.13687  0.48160  0.82487 -0.29607 0.750 0.992
 -0.12342   0.34019   0.12499  0.54715  0.80052 -0.24455 1.000 0.992
 -0.11878   0.33206   0.10875  0.55539  0.79036 -0.25860 1.000 0.900
  0.00892   0.06493   0.00070  0.13871  0.24483 -0.95959 0.000 0.020
  0.01348   0.03433  -0.00646  0.13860  0.24540 -0.95946 0.000 0.010
 -0.00116   0.03223  -0.00911  0.22796  0.25414 -0.93992 0.250 0.010
 -0.00572   0.06283  -0.00195  0.22807  0.25356 -0.94005 0.250 0.020
 -0.01918   0.06170  -0.00692  0.48801  0.26676 -0.83108 0.500 0.020
 -0.01462   0.03110  -0.01409  0.48791  0.26736 -0.83094 0.500 0.010
 -0.03027   0.06250  -0.01655  0.70524  0.25909 -0.65993 0.750 0.020
 -0.03490   0.09362  -0.00929  0.70513  0.25979 -0.65977 0.750 0.030
 -0.02380   0.09282   0.00033  0.48790  0.26749 -0.83090 0.500 0.030
 -0.02572   0.03190  -0.02371  0.70516  0.25965 -0.65980 0.750 0.010
 -0.02824   0.12250   0.00732  0.48724  0.27178 -0.82990 0.500 0.040
 -0.01478   0.12362   0.01230  0.22734  0.25850 -0.93888 0.250 0.040
 -0.03934   0.12329  -0.00230  0.70450  0.26388 -0.65883 0.750 0.040
 -0.00014   0.12568   0.01494  0.13800  0.24970 -0.95844 0.000 0.040
 -0.04019   0.06427  -0.02849  0.76249  0.25258 -0.59566 1.000 0.020
 -0.03564   0.03367  -0.03566  0.76242  0.25313 -0.59552 1.000 0.010
 -0.04916   0.39607   0.01105  0.77225  0.17380 -0.61108 0.500 0.060
 -0.07190   0.39770  -0.03395  0.92047  0.16621 -0.35371 0.750 0.060
 -0.08134   0.46024  -0.02648  0.91336  0.21071 -0.34838 0.750 0.130
 -0.05852   0.45814   0.01846  0.76491  0.22037 -0.60527 0.500 0.130
 -0.04100   0.33128   0.00459  0.77515  0.15132 -0.61338 0.500 0.050
 -0.06372   0.33276  -0.04042  0.92332  0.14467 -0.35573 0.750 0.050
 -0.07204   0.52444   0.02915  0.75131  0.28650 -0.59452 0.500 0.200
 -0.09499   0.52720  -0.01568  0.90026  0.27390 -0.33840 0.750 0.200
 -0.09263   0.60190   0.04544  0.73316  0.35481 -0.58015 0.500 0.300
 -0.05449   0.60544   0.07825  0.51914  0.33924 -0.78448 0.250 0.300
 -0.03368   0.52720   0.06179  0.53629  0.27390 -0.79835 0.250 0.200
  0.01237   0.53272   0.08834  0.45756  0.26481 -0.84883 0.000 0.200
 -0.00885   0.61253   0.10512  0.44105  0.32799 -0.83540 0.000 0.300
 -0.08672   0.40097  -0.08521  0.95082  0.16075 -0.26477 1.000 0.060
 -0.07849   0.33571  -0.09172  0.95359  0.13988 -0.26666 1.000 0.050
 -0.11951   0.68329   0.06671  0.70872  0.42804 -0.56081 0.500 0.400
 -0.11579   0.60544   0.00078  0.88281  0.33924 -0.32489 0.750 0.300
 -0.14293   0.68765   0.02226  0.85945  0.40925 -0.30638 0.750 0.400
 -0.15186   0.76137   0.09231  0.67672  0.50527 -0.53549 0.500 0.500
 -0.11431   0.76652   0.12559  0.46517  0.48309 -0.74178 0.250 0.500
 -0.08163   0.68765   0.09973  0.49576  0.40925 -0.76599 0.250 0.400
 -0.03654   0.69638   0.12703  0.41844  0.39568 -0.81752 0.000 0.400
 -0.06987   0.77682   0.15341  0.38887  0.46707 -0.79412 0.000 0.500
 -0.15914   0.69638  -0.02790  0.89183  0.39568 -0.21929 1.000 0.400
 -0.13145   0.61253  -0.04981  0.91442  0.32799 -0.23719 1.000 0.300
 -0.18942   0.83556   0.12203  0.63956  0.57865 -0.50609 0.500 0.600
 -0.17561   0.76652   0.04812  0.82885  0.48309 -0.28218 0.750 0.500
 -0.21355   0.84146   0.07814  0.79333  0.55325 -0.25406 0.750 0.600
 -0.23192   0.90528   0.15567  0.59810  0.64675 -0.47328 0.500 0.700
 -0.19518   0.91188   0.18958  0.38996  0.61831 -0.68236 0.250 0.700
 -0.15225   0.84146   0.15561  0.42964  0.55325 -0.71367 0.250 0.600
 -0.10857   0.85325   0.18403  0.35452  0.53490 -0.76694 0.000 0.600
 -0.15236   0.92508   0.21868  0.31616  0.59776 -0.73670 0.000 0.700
 -0.23117   0.85325   0.02909  0.82790  0.53490 -0.16870 1.000 0.600
 -0.19247   0.77682  -0.00153  0.86225  0.46707 -0.19589 1.000 0.500
 -0.27890   0.97012   0.19284  0.55338  0.70853 -0.43789 0.500 0.800
 -0.25649   0.91188   0.11212  0.75374  0.61831 -0.22265 0.750 0.700
 -0.30389   0.97733   0.14963  0.71113  0.67728 -0.18864 0.750 0.800
 -0.32987   1.02967   0.23318  0.51764  0.75118 -0.40961 0.500 0.900
 -0.29395   1.03735   0.26774  0.31277  0.71802 -0.62179 0.250 0.900
 -0.24259   0.97733   0.22710  0.34707  0.67728 -0.64872 0.250 0.800
 -0.20062   0.99175   0.25688  0.27465  0.65470 -0.70423 0.000 0.800
 -0.25276   1.05272   0.29813  0.24145  0.69407 -0.67821 0.000 0.900
 -0.32323   0.99175   0.10194  0.74851  0.65470 -0.10540 1.000 0.800
 -0.27496   0.92508   0.06374  0.78965  0.59776 -0.13833 1.000 0.700
 -0.38285   1.08657   0.27509  0.50528  0.76475 -0.39982 0.500 0.992
 -0.35525   1.03735   0.19027  0.67704  0.71802 -0.16145 0.750 0.900
 -0.40859   1.09467   0.23248  0.66525  0.73099 -0.15197 0.750 0.992
 -0.41070   1.09227   0.18690  0.70415  0.70661 -0.06986 1.000 0.992
 -0.37536   1.05272   0.14319  0.71555  0.69407 -0.07907 1.000 0.900
 -0.01835   0.13286  -0.01333  0.77600  0.14407 -0.61405 0.500 0.020
 -0.04106   0.13434  -0.05835  0.92416  0.13770 -0.35632 0.750 0.020
 -0.04861   0.20047  -0.05237  0.92416  0.13770 -0.35632 0.750 0.030
 -0.02590   0.19900  -0.00736  0.77600  0.14407 -0.61405 0.500 0.030
 -0.01080   0.06672  -0.01931  0.77349  0.08339 -0.62830 0.500 0.010
 -0.03351   0.06820  -0.06433  0.93797  0.11215 -0.32808 0.750 0.010
 -0.03345   0.26514  -0.00138  0.77600  0.14407 -0.61406 0.500 0.040
 -0.00241   0.33276   0.03704  0.55846  0.14467 -0.81682 0.250 0.050
  0.00514   0.26662   0.03107  0.55923  0.13770 -0.81750 0.250 0.040
 -0.05616   0.26662  -0.04640  0.92416  0.13770 -0.35632 0.750 0.040
  0.05166   0.26957   0.05724  0.47947  0.13310 -0.86741 0.000 0.040
  0.04411   0.33572   0.06322  0.47874  0.13988 -0.86674 0.000 0.050
 -0.05584   0.13728  -0.10965  0.95440  0.13310 -0.26722 1.000 0.020
 -0.04828   0.07114  -0.11562  0.95440  0.13310 -0.26722 1.000 0.010
 -0.03893   0.02080  -0.10728  0.95440  0.13310 -0.26722 1.000 0.000
 -0.02596   0.00206  -0.07030  0.95021  0.08648 -0.29938 0.750 0.000
 -0.01822   0.74315   0.00894  0.24603  0.09814 -0.96428 0.500 0.060
 -0.06329   0.74441  -0.01438  0.54862  0.09287 -0.83089 0.750 0.060
 -0.06560   0.82334  -0.00517  0.54652  0.14892 -0.82410 0.750 0.130
 -0.02052   0.82164   0.01807  0.24414  0.15758 -0.95685 0.500 0.130
 -0.01639   0.64573   0.00166  0.24667  0.06718 -0.96677 0.500 0.050
 -0.06145   0.64702  -0.02168  0.54953  0.06356 -0.83305 0.750 0.050
 -0.02420   0.89722   0.03269  0.24053  0.23115 -0.94272 0.500 0.200
 -0.06932   0.89968   0.00960  0.54273  0.21834 -0.81103 0.750 0.200
 -0.03018   0.98591   0.05646  0.23579  0.30068 -0.92412 0.500 0.300
  0.02035   0.98928   0.05805 -0.09248  0.28460 -0.95417 0.250 0.300
  0.02640   0.89968   0.03404 -0.08825  0.21878 -0.97178 0.250 0.200
  0.07973   0.90462   0.02452 -0.19057  0.20989 -0.95897 0.000 0.200
  0.07357   0.99600   0.04901 -0.19454  0.27306 -0.94212 0.000 0.300
 -0.10556   0.74692  -0.04878  0.63192  0.08925 -0.76988 1.000 0.060
 -0.10371   0.64961  -0.05614  0.63285  0.06108 -0.77186 1.000 0.050
 -0.03830   1.07954   0.08870  0.22913  0.37557 -0.89803 0.500 0.400
 -0.07537   0.98928   0.03361  0.53803  0.28405 -0.79363 0.750 0.300
 -0.08357   1.08385   0.06617  0.53176  0.35480 -0.76899 0.750 0.400
 -0.04838   1.16990   0.12876  0.22015  0.45501 -0.86285 0.500 0.500
  0.00197   1.17512   0.13108 -0.10729  0.43065 -0.89612 0.250 0.500
  0.01215   1.08385   0.09062 -0.09879  0.35547 -0.92945 0.250 0.400
  0.06520   1.09246   0.08223 -0.20060  0.34105 -0.91839 0.000 0.400
  0.05481   1.18555   0.12350 -0.20875  0.41318 -0.88640 0.000 0.500
 -0.12624   1.09246   0.03335  0.61556  0.34024 -0.71086 1.000 0.400
 -0.11787   0.99600   0.00013  0.62157  0.27239 -0.73448 1.000 0.300
 -0.06035   1.25632   0.17629  0.20950  0.53098 -0.82108 0.500 0.600
 -0.09375   1.17512   0.10664  0.52329  0.42986 -0.73578 0.750 0.500
 -0.10584   1.26241   0.15465  0.51325  0.50166 -0.69636 0.750 0.600
 -0.07412   1.33812   0.23098  0.19741  0.60200 -0.77371 0.500 0.700
 -0.02402   1.34503   0.23433 -0.12889  0.56966 -0.81171 0.250 0.700
 -0.01012   1.26241   0.17909 -0.11738  0.50253 -0.85656 0.250 0.600
  0.04248   1.27458   0.17247 -0.21842  0.48214 -0.84843 0.000 0.600
  0.02830   1.35886   0.22881 -0.22947  0.54649 -0.80541 0.000 0.700
 -0.14896   1.27458   0.12359  0.59783  0.48109 -0.64121 1.000 0.600
 -0.13663   1.18555   0.07461  0.60745  0.41223 -0.67902 1.000 0.500
 -0.08952   1.41481   0.29217  0.18421  0.66694 -0.72198 0.500 0.800
 -0.11975   1.34503   0.20989  0.50192  0.56873 -0.65163 0.750 0.700
 -0.13529   1.42244   0.27164  0.48971  0.63002 -0.60271 0.750 0.800
 -0.10641   1.48589   0.35925  0.17357  0.71212 -0.68026 0.500 0.900
 -0.05659   1.49409   0.36367 -0.15188  0.67368 -0.72325 0.250 0.900
 -0.03957   1.42244   0.29608 -0.14163  0.63098 -0.76276 0.250 0.800
  0.01247   1.43771   0.29168 -0.24175  0.60523 -0.75846 0.000 0.800
 -0.00480   1.51049   0.36029 -0.25163  0.64616 -0.72053 0.000 0.900
 -0.17897   1.43771   0.24280  0.57537  0.60407 -0.55141 1.000 0.800
 -0.16314   1.35886   0.17992  0.58700  0.54537 -0.59833 1.000 0.700
 -0.12376   1.55308   0.42817  0.16987  0.72658 -0.66576 0.500 0.992
 -0.15231   1.49409   0.33923  0.47983  0.67271 -0.56323 0.750 0.900
 -0.16978   1.56176   0.40862  0.47645  0.68636 -0.54945 0.750 0.992
 -0.19869   1.55844   0.37172  0.56271  0.65809 -0.50027 1.000 0.992
 -0.19624   1.51049   0.31140  0.56593  0.64499 -0.51352 1.000 0.900
  0.09253   0.27259  -0.02633 -0.18651  0.04439 -0.98145 0.000 0.020
  0.09413   0.13989  -0.03268 -0.18654  0.04494 -0.98142 0.000 0.010
  0.04067   0.13674  -0.02266 -0.08361  0.04686 -0.99540 0.250 0.010
  0.03907   0.26945  -0.01631 -0.08359  0.04628 -0.99542 0.250 0.020
 -0.01159   0.26787  -0.01741  0.24693  0.04892 -0.96780 0.500 0.020
 -0.05665   0.26944  -0.04075  0.54993  0.04619 -0.83394 0.750 0.020
 -0.05825   0.40437  -0.03439  0.54991  0.04691 -0.83390 0.750 0.030
 -0.01319   0.40280  -0.01105  0.24692  0.04968 -0.96776 0.500 0.030
 -0.01479   0.53155  -0.00470  0.24686  0.05411 -0.96754 0.500 0.040
  0.03427   0.64702   0.00276 -0.08366  0.06369 -0.99446 0.250 0.050
  0.03587   0.53306  -0.00360 -0.08363  0.05123 -0.99518 0.250 0.040
 -0.05985   0.53306  -0.02804  0.54984  0.05113 -0.83370 0.750 0.040
  0.08933   0.53606  -0.01361 -0.18655  0.04918 -0.98121 0.000 0.040
  0.08773   0.64961  -0.00726 -0.18654  0.06123 -0.98054 0.000 0.050
 -0.09891   0.27259  -0.07521  0.63327  0.04427 -0.77266 1.000 0.020
 -0.09731   0.13989  -0.08156  0.63328  0.04483 -0.77262 1.000 0.010
 -0.08554   0.04042  -0.07771  0.63328  0.04502 -0.77261 1.000 0.000
 -0.03632   0.74315  -0.03308  0.86693  0.09814  0.48867 0.500 0.060
 -0.01294   0.74441  -0.05123  0.48258  0.08370  0.87184 0.750 0.060
 -0.02123   0.82334  -0.05587  0.47737  0.13426  0.86839 0.750 0.130
 -0.04454   0.82164  -0.03768  0.86025  0.15758  0.48491 0.500 0.130
 -0.02977   0.64573  -0.02941  0.86917  0.06717  0.48993 0.500 0.050
 -0.00637   0.64702  -0.04755  0.48404  0.05728  0.87317 0.750 0.050
 -0.05770   0.89722  -0.04504  0.84754  0.23115  0.47774 0.500 0.200
 -0.03452   0.89968  -0.06331  0.46715  0.19690  0.86198 0.750 0.200
 -0.07908   0.98591  -0.05702  0.83082  0.30068  0.46832 0.500 0.300
 -0.08292   0.98928  -0.02792  0.96486  0.25691 -0.05525 0.250 0.300
 -0.06132   0.89968  -0.01583  0.97916  0.19746 -0.04757 0.250 0.200
 -0.05516   0.90462   0.01887  0.96439  0.17713 -0.19640 0.000 0.200
 -0.07719   0.99600   0.00654  0.95162  0.23048 -0.20320 0.000 0.300
  0.02042   0.74692  -0.06380  0.34651  0.07521  0.93503 1.000 0.060
  0.02704   0.64961  -0.06009  0.34767  0.05145  0.93620 1.000 0.050
 -0.10809   1.07954  -0.07326  0.80736  0.37557  0.45510 0.500 0.400
 -0.05612   0.98928  -0.07541  0.45325  0.25619  0.85378 0.750 0.300
 -0.08542   1.08385  -0.09181  0.43326  0.32000  0.84255 0.750 0.400
 -0.14413   1.16990  -0.09344  0.77574  0.45501  0.43727 0.500 0.500
 -0.14863   1.17512  -0.06471  0.91771  0.38872 -0.08182 0.250 0.500
 -0.11222   1.08385  -0.04433  0.94478  0.32087 -0.06658 0.250 0.400
 -0.10708   1.09246  -0.01020  0.93360  0.28786 -0.21335 0.000 0.400
 -0.14421   1.18555  -0.03099  0.90931  0.34873 -0.22702 0.000 0.500
 -0.05348   1.09246  -0.10518  0.30278  0.28698  0.90883 1.000 0.400
 -0.02359   0.99600  -0.08844  0.32070  0.22976  0.91889 1.000 0.300
 -0.18691   1.25632  -0.11739  0.73819  0.53098  0.41610 0.500 0.600
 -0.12183   1.17512  -0.11220  0.40634  0.38771  0.82739 0.750 0.500
 -0.16503   1.26241  -0.13639  0.37438  0.45247  0.80939 0.750 0.600
 -0.23611   1.33812  -0.14494  0.69560  0.60200  0.39210 0.500 0.700
 -0.24153   1.34503  -0.11673  0.84918  0.51416 -0.12053 0.250 0.700
 -0.19183   1.26241  -0.08890  0.88559  0.45360 -0.09992 0.250 0.600
 -0.18827   1.27458  -0.05566  0.88048  0.40693 -0.24324 0.000 0.600
 -0.23896   1.35886  -0.08405  0.84781  0.46121 -0.26173 0.000 0.700
 -0.13467   1.27458  -0.15064  0.24996  0.40579  0.87912 1.000 0.600
 -0.09061   1.18555  -0.12597  0.27863  0.34771  0.89524 1.000 0.500
 -0.29117   1.41481  -0.17577  0.64909  0.66694  0.36588 0.500 0.800
 -0.21473   1.34503  -0.16421  0.33805  0.51296  0.78905 0.750 0.700
 -0.27029   1.42244  -0.19533  0.29820  0.56817  0.76698 0.750 0.800
 -0.35153   1.48589  -0.20956  0.61158  0.71213  0.34473 0.500 0.900
 -0.35790   1.49409  -0.18189  0.77742  0.60788 -0.16156 0.250 0.900
 -0.29709   1.42244  -0.14784  0.80947  0.56942 -0.14326 0.250 0.800
 -0.29554   1.43771  -0.11572  0.81216  0.51066 -0.28217 0.000 0.800
 -0.35726   1.51049  -0.15028  0.78338  0.54511 -0.29863 0.000 0.900
 -0.24194   1.43771  -0.21070  0.18158  0.50940  0.84115 1.000 0.800
 -0.18536   1.35886  -0.17902  0.21737  0.45999  0.86090 1.000 0.700
 -0.41453   1.55416  -0.24484  0.59854  0.72658  0.33738 0.500 0.992
 -0.33111   1.49409  -0.22938  0.26608  0.60662  0.74914 0.750 0.900
 -0.39454   1.56285  -0.26490  0.25482  0.61889  0.74299 0.750 0.992
 -0.35853   1.55844  -0.26817  0.14256  0.55484  0.81965 1.000 0.992
 -0.30366   1.51049  -0.24526  0.15271  0.54385  0.82517 1.000 0.900
 -0.00941   0.27259   0.04449  0.98128  0.03742 -0.18892 0.000 0.020
 -0.00369   0.13989   0.04769  0.98125  0.03788 -0.18896 0.000 0.010
 -0.01030   0.13674   0.01274  0.99220  0.02102 -0.12291 0.250 0.010
 -0.01601   0.26945   0.00954  0.99838  0.04174 -0.03868 0.250 0.020
 -0.01262   0.26787  -0.01980  0.87009  0.04892  0.49045 0.500 0.020
 -0.00690   0.13517  -0.01660  0.88898  0.01625  0.45765 0.500 0.010
  0.01078   0.26944  -0.03795  0.48462  0.04162  0.87374 0.750 0.020
  0.00507   0.40437  -0.04115  0.48459  0.04227  0.87372 0.750 0.030
 -0.01834   0.40280  -0.02301  0.87006  0.04968  0.49043 0.500 0.030
  0.01650   0.13674  -0.03475  0.44659  0.03116  0.89420 0.750 0.010
 -0.02406   0.53155  -0.02621  0.86986  0.05411  0.49032 0.500 0.040
 -0.03317   0.64702  -0.00006  0.99759  0.05744 -0.03887 0.250 0.050
 -0.02745   0.53306   0.00314  0.99818  0.04621 -0.03875 0.250 0.040
 -0.00065   0.53306  -0.04435  0.48445  0.04607  0.87361 0.750 0.040
 -0.02084   0.53606   0.03808  0.98110  0.04146 -0.18898 0.000 0.040
 -0.02656   0.64961   0.03488  0.98061  0.05162 -0.18904 0.000 0.050
  0.04419   0.27259  -0.05049  0.34812  0.03729  0.93671 1.000 0.020
  0.04991   0.13989  -0.04729  0.34807  0.03776  0.93671 1.000 0.010
  0.04585   0.04042  -0.04175  0.34806  0.03792  0.93671 1.000 0.000
  0.02222   0.00516  -0.03154  0.40806  0.02039  0.91273 0.750 0.000
 -0.01119   0.00000  -0.00881  0.87911  0.12681  0.45944 0.500 0.000
 -0.02161   0.00358  -0.01424 -0.22018  0.04100  0.97460 0.500 0.000
  0.05934   0.46024  -0.01708 -0.85892  0.21070 -0.46675 0.250 0.130
  0.05097   0.39770  -0.02574 -0.86526  0.16621 -0.47298 0.250 0.060
  0.08098   0.46442  -0.06577 -0.90103  0.20373 -0.38293 0.000 0.130
  0.07248   0.40097  -0.07457 -0.90716  0.16075 -0.38887 0.000 0.060
 -0.06114   0.46442   0.07148 -0.35135  0.20373 -0.91381 1.000 0.130
 -0.04881   0.53272   0.08425 -0.34061  0.26481 -0.90214 1.000 0.200
 -0.08362   0.26957   0.04820 -0.35986  0.13310 -0.92347 1.000 0.040
  0.34924   1.09467   0.28309 -0.63913  0.73099 -0.23909 0.250 0.992
  0.35740   1.09227   0.23821 -0.68860  0.70661 -0.16289 0.000 0.992
  0.03035   0.20047  -0.04710 -0.86857  0.13770 -0.47606 0.250 0.030
  0.02366   0.13434  -0.05403 -0.86857  0.13770 -0.47606 0.250 0.020
  0.05181   0.20342  -0.09598 -0.91039  0.13310 -0.39177 0.000 0.030
  0.04512   0.13728  -0.10290 -0.91039  0.13310 -0.39177 0.000 0.020
 -0.09031   0.20342   0.04128 -0.35986  0.13310 -0.92347 1.000 0.030
 -0.06078   0.00206   0.00075 -0.44555  0.13770 -0.88461 0.750 0.000
 -0.09630   0.02080   0.01729 -0.35985  0.13311 -0.92347 1.000 0.000
 -0.06058   0.46236  -0.04288  0.29357  0.15695  0.94296 0.250 0.130
 -0.06058   0.39924  -0.03444  0.29380  0.11202  0.94928 0.250 0.060
 -0.10997   0.46540  -0.02269  0.38209  0.15177  0.91158 0.000 0.130
 -0.10997   0.40135  -0.01411  0.38238  0.10837  0.91763 0.000 0.060
  0.08760   0.46540  -0.02269 -0.38208  0.15177  0.91158 1.000 0.130
  0.08760   0.53461  -0.03650 -0.38171  0.21365  0.89925 1.000 0.200
  0.08760   0.26901  -0.00154 -0.38268  0.08052  0.92037 1.000 0.040
 -0.06058   1.11965  -0.42317  0.29364  0.69451  0.65683 0.250 0.992
 -0.09763   1.11574  -0.39673  0.38215  0.67135  0.63502 0.000 0.992
 -0.06058   0.20064  -0.01610  0.29405  0.08330  0.95215 0.250 0.030
 -0.06058   0.13406  -0.01027  0.29405  0.08330  0.95215 0.250 0.020
 -0.10997   0.20242   0.00429  0.38268  0.08052  0.92036 0.000 0.030
 -0.10997   0.13584   0.01011  0.38269  0.08052  0.92036 0.000 0.020
 -0.06058   0.06747  -0.00445  0.29405  0.08330  0.95215 0.250 0.010
 -0.06058   0.00089   0.00138  0.29405  0.08330  0.95215 0.250 0.000
  0.08760   0.20242   0.00429 -0.38268  0.08052  0.92036 1.000 0.030
 -0.10997   0.06926   0.01594  0.38268  0.08052  0.92036 0.000 0.010
 -0.09763   0.01887   0.01521  0.38268  0.08052  0.92036 0.000 0.000
 -0.00712   0.82334  -0.07516 -0.71567  0.14923  0.68231 0.250 0.130
 -0.01576   0.74441  -0.07122 -0.72201  0.09306  0.68559 0.250 0.060
 -0.04817   0.82676  -0.11072 -0.64107  0.14326  0.75399 0.000 0.130
 -0.05694   0.74692  -0.10671 -0.64704  0.08948  0.75719 0.000 0.060
  0.03333   0.82676   0.06927 -0.98963  0.14289 -0.01446 1.000 0.130
  0.04746   0.90462   0.06281 -0.97765  0.20937 -0.01930 1.000 0.200
  0.01169   0.53606   0.07916 -0.99873  0.04906 -0.01147 1.000 0.040
  0.38204   1.56285  -0.25295 -0.45663  0.68733  0.56486 0.250 0.992
  0.33970   1.55844  -0.27434 -0.39265  0.65926  0.64125 0.000 0.992
 -0.03453   0.40437  -0.06264 -0.72476  0.04701  0.68739 0.250 0.030
 -0.07577   0.40752  -0.09811 -0.64952  0.04510  0.75900 0.000 0.030
 -0.05242   0.00516  -0.05447 -0.72474  0.04706  0.68741 0.250 0.000
  0.00573   0.40752   0.08188 -0.99892  0.04498 -0.01141 1.000 0.030
 -0.08185   0.04042  -0.08175 -0.64949  0.04513  0.75903 0.000 0.000
  0.04227   0.00516  -0.02902 -0.08362  0.04706 -0.99539 0.250 0.000
  0.08197   0.04042  -0.03494 -0.18655  0.04513 -0.98141 0.000 0.000
 -0.07356   0.39909   0.01409  0.87953  0.27320 -0.38961 0.250 0.130
 -0.05939   0.40254   0.04127  0.84084  0.26462 -0.47219 0.000 0.130
 -0.07317   0.40119  -0.07532  0.93248  0.26799  0.24220 1.000 0.130
 -0.08565   0.43811  -0.07382  0.91087  0.33313  0.24359 1.000 0.200
 -0.04306   0.26115  -0.07796  0.95449  0.17494  0.24153 1.000 0.040
 -0.32709   0.73188   0.05277  0.51488  0.78237 -0.35042 0.250 0.992
 -0.30989   0.73189   0.07204  0.48496  0.75984 -0.43296 0.000 0.992
 -0.03216   0.19699   0.01065  0.90408  0.16977 -0.39219 0.250 0.030
 -0.01787   0.20033   0.03781  0.86465  0.16367 -0.47496 0.000 0.030
  0.00292   0.00385   0.00816  0.90407  0.16982 -0.39221 0.250 0.000
 -0.00595   0.00202  -0.01999  0.97646  0.17947 -0.11964 0.500 0.000
 -0.03166   0.19898  -0.07878  0.95524  0.17087  0.24151 1.000 0.030
 -0.00397   0.00318  -0.05014  0.97197  0.17505  0.15695 0.750 0.000
 -0.00133   0.02109  -0.07328  0.95522  0.17090  0.24154 1.000 0.000
  0.01073   0.02227   0.02874  0.86463  0.16371 -0.47498 0.000 0.000
 -0.00082   0.40108  -0.07628 -0.32039  0.24207  0.91584 0.250 0.130
 -0.03043   0.40416  -0.08438 -0.23345  0.23445  0.94368 0.000 0.130
  0.06424   0.40281  -0.01494 -0.81832  0.23759  0.52335 1.000 0.130
  0.07092   0.44014  -0.02408 -0.80591  0.30342  0.50838 1.000 0.200
  0.04843   0.26184   0.00505 -0.83100  0.14385  0.53736 1.000 0.040
  0.13716   0.74232  -0.27887 -0.11050  0.76331  0.63651 0.250 0.992
  0.11134   0.74183  -0.27945 -0.02930  0.74146  0.67035 0.000 0.992
 -0.02251   0.19770  -0.04918 -0.33318  0.13786  0.93273 0.250 0.030
 -0.05218   0.20066  -0.05718 -0.24565  0.13276  0.96022 0.000 0.030
 -0.04076   0.00349  -0.02710 -0.33315  0.13791  0.93273 0.250 0.000
 -0.01409   0.00184  -0.01442 -0.58200  0.14621  0.79994 0.500 0.000
  0.04250   0.19931   0.01226 -0.83141  0.13976  0.53780 1.000 0.030
  0.00658   0.00281   0.00762 -0.78107  0.14305  0.60783 0.750 0.000
  0.02134   0.02053   0.02583 -0.83142  0.13980  0.53778 1.000 0.000
 -0.06150   0.02171  -0.03493 -0.24561  0.13280  0.96023 0.000 0.000
  0.04338   0.31965   0.03509 -0.69112  0.33118 -0.64239 0.250 0.130
  0.05933   0.32301   0.01610 -0.75250  0.32078 -0.57519 0.000 0.130
 -0.02355   0.32191   0.06310 -0.12968  0.32462 -0.93691 1.000 0.130
 -0.01756   0.35117   0.07360 -0.11797  0.38826 -0.91397 1.000 0.200
 -0.03857   0.21006   0.03516 -0.14174  0.23316 -0.96205 1.000 0.040
  0.16050   0.57594   0.22710 -0.49775  0.81596 -0.29402 0.250 0.992
  0.16950   0.57671   0.20818 -0.56291  0.79220 -0.23568 0.000 0.992
  0.02263   0.15812  -0.00380 -0.70627  0.22954 -0.66970 0.250 0.030
  0.03853   0.16139  -0.02288 -0.76745  0.22158 -0.60161 0.000 0.030
  0.00481   0.00351  -0.03788 -0.70628  0.22958 -0.66967 0.250 0.000
 -0.01350   0.00174  -0.02247 -0.48289  0.24176 -0.84165 0.500 0.000
 -0.04435   0.16030   0.02412 -0.14218  0.22914 -0.96295 1.000 0.030
 -0.03663   0.00296  -0.01438 -0.22644  0.23501 -0.94525 0.750 0.000
 -0.05431   0.01774  -0.00826 -0.14215  0.22918 -0.96295 1.000 0.000
  0.01821   0.01870  -0.04938 -0.76746  0.22161 -0.60158 0.000 0.000
 -0.02574   0.19008   0.02989  0.21037  0.35507 -0.91086 0.250 0.130
 -0.01113   0.19223   0.03260  0.12173  0.34392 -0.93108 0.000 0.130
 -0.06025   0.19157   0.00340  0.74468  0.34795 -0.56955 1.000 0.130
 -0.06417   0.20892   0.01004  0.72970  0.41088 -0.54655 1.000 0.200
 -0.04925   0.12503  -0.01426  0.76177  0.25727 -0.59458 1.000 0.040
 -0.09296   0.34011   0.15147 -0.00275  0.82904 -0.55918 0.250 0.992
 -0.08044   0.34077   0.15054 -0.08540  0.80479 -0.58738 0.000 0.992
 -0.01034   0.09395   0.00531  0.22796  0.25428 -0.93988 0.250 0.030
  0.00430   0.09605   0.00796  0.13861  0.24555 -0.95942 0.000 0.030
  0.00337   0.00188  -0.01622  0.22793  0.25434 -0.93987 0.250 0.000
 -0.01009   0.00075  -0.02120  0.48788  0.26756 -0.83089 0.500 0.000
 -0.04482   0.09539  -0.02124  0.76239  0.25327 -0.59550 1.000 0.030
 -0.02119   0.00156  -0.03082  0.70513  0.25985 -0.65975 0.750 0.000
 -0.02976   0.01047  -0.03801  0.76239  0.25332 -0.59548 1.000 0.000
  0.01321   0.01104  -0.01246  0.13857  0.24559 -0.95942 0.000 0.000
 -0.02004   0.46024   0.05099  0.54903  0.21071 -0.80881 0.250 0.130
 -0.01060   0.39770   0.04352  0.55584  0.16621 -0.81450 0.250 0.060
  0.02629   0.46442   0.07732  0.46976  0.20374 -0.85896 0.000 0.130
  0.03588   0.40097   0.06973  0.47627  0.16075 -0.86448 0.000 0.060
 -0.09631   0.46442  -0.07762  0.94395  0.20374 -0.25971 1.000 0.130
 -0.11023   0.53272  -0.06660  0.93129  0.26481 -0.25016 1.000 0.200
 -0.07094   0.26957  -0.09770  0.95440  0.13310 -0.26722 1.000 0.040
 -0.34729   1.09467   0.30994  0.30083  0.73099 -0.61250 0.250 0.992
 -0.30342   1.09227   0.32247  0.22987  0.70661 -0.66922 0.000 0.992
  0.01269   0.20047   0.02509  0.55923  0.13770 -0.81750 0.250 0.030
  0.02024   0.13434   0.01912  0.55923  0.13770 -0.81749 0.250 0.020
  0.05922   0.20342   0.05126  0.47947  0.13310 -0.86741 0.000 0.030
  0.06677   0.13728   0.04529  0.47947  0.13310 -0.86741 0.000 0.020
  0.02779   0.06820   0.01314  0.52454  0.10160 -0.84530 0.250 0.010
  0.03534   0.00206   0.00717  0.48820  0.06525 -0.87029 0.250 0.000
 -0.06339   0.20342  -0.10367  0.95440  0.13310 -0.26722 1.000 0.030
  0.07432   0.07114   0.03931  0.47947  0.13310 -0.86741 0.000 0.010
  0.06835   0.02080   0.02829  0.47947  0.13310 -0.86741 0.000 0.000
  0.03012   0.82334   0.01927 -0.08531  0.14923 -0.98512 0.250 0.130
  0.03243   0.74441   0.01006 -0.08390  0.09306 -0.99212 0.250 0.060
  0.08352   0.82676   0.00946 -0.18789  0.14326 -0.97169 0.000 0.130
  0.08588   0.74692   0.00010 -0.18666  0.08948 -0.97834 0.000 0.060
 -0.10792   0.82676  -0.03942  0.62983  0.14289 -0.76348 1.000 0.130
 -0.11171   0.90462  -0.02436  0.62612  0.20937 -0.75109 1.000 0.200
 -0.10211   0.53606  -0.06249  0.63319  0.04906 -0.77244 1.000 0.040
 -0.07406   1.56176   0.43306 -0.15552  0.68733 -0.70950 0.250 0.992
 -0.03118   1.55844   0.41449 -0.25515  0.65926 -0.70730 0.000 0.992
  0.03747   0.40437  -0.00995 -0.08360  0.04701 -0.99539 0.250 0.030
  0.09093   0.40752  -0.01997 -0.18652  0.04510 -0.98142 0.000 0.030
 -0.10051   0.40752  -0.06885  0.63326  0.04498 -0.77263 1.000 0.030
 -0.04803   0.82334  -0.00838  0.99000  0.13465 -0.04212 0.250 0.130
 -0.03974   0.74441  -0.00375  0.99569  0.08395 -0.03944 0.250 0.060
 -0.04160   0.82676   0.02646  0.97399  0.12085 -0.19168 0.000 0.130
 -0.03318   0.74692   0.03118  0.97899  0.07546 -0.18943 0.000 0.060
  0.01200   0.82676  -0.06852  0.34202  0.12046  0.93194 1.000 0.130
 -0.00156   0.90462  -0.07611  0.33306  0.17656  0.92623 1.000 0.200
  0.03276   0.53606  -0.05689  0.34797  0.04132  0.93659 1.000 0.040
 -0.42134   1.56285  -0.21741  0.76628  0.62015 -0.16803 0.250 0.992
 -0.40543   1.55844  -0.18507  0.77334  0.55610 -0.30446 0.000 0.992
 -0.02173   0.40437   0.00634  0.99835  0.04240 -0.03869 0.250 0.030
 -0.01513   0.40752   0.04129  0.98125  0.03802 -0.18893 0.000 0.030
 -0.00458   0.00516   0.01594  0.97870  0.00003 -0.20531 0.250 0.000
  0.03847   0.40752  -0.05369  0.34810  0.03789  0.93669 1.000 0.030
 -0.00105   0.04042   0.04135  0.98125  0.03804 -0.18897 0.000 0.000
      0       1       2
    698       2       1
    698       1      13
     13       1       5
      0       5       1
     13       5      14
     14       5      59
     14      59     700
     59     707     700
     59      52     707
    707      52      51
    707      51      62
     62      51      55
     62      55      63
     63      55     708
     63     708     709
    708      55      54
    708      54      64
     64      54      65
     64      65      66
     67      66      65
     67      65      68
     68      65     704
    704      65      54
     68     704     706
    704     705     706
    704     703     705
    705     703      58
    705      58      60
     60      58      57
     60      57      61
     61      57     695
     61     695     697
    695     696     697
    695     694     696
    696     694      10
    696      10      11
     11      10       9
     11       9      12
     12       9      20
     12      20      21
     21      20      19
     21      19      22
     22      19      30
     22      30      31
     31      30      29
     31      29      32
     32      29      40
     32      40      41
     41      40      39
     41      39      42
     42      39     701
     42     701     702
    701      39      38
    701      38      45
     45      38      46
     45      46      47
     48      47      46
     48      46      49
     49      46      37
     37      46      38
     49      37      43
     43      37      36
     43      36      44
     44      36      27
     44      27      33
     33      27      26
     33      26      34
     34      26      17
     34      17      23
     23      17      16
     23      16      24
     24      16       7
     24       7     699
      7     698     699
      7       2     698
      6       2       7
      6       3       2
      0       2       3
      3     695       0
      3     694     695
     10     694       3
     10       3       6
      6       9      10
      6       8       9
      7       8       6
      7      16       8
     20       9       8
     20       8      15
     15       8      16
     15      16      17
     15      19      20
     15      18      19
     17      18      15
     30      19      18
     30      18      25
     25      18      26
     25      29      30
     25      28      29
     27      28      25
     40      29      28
     40      28      35
     35      39      40
     35      38      39
     37      38      35
     35      36      37
     35      28      36
     27      36      28
     25      26      27
     17      26      18
    695       4       0
      0       4       5
     59       5       4
     59       4      56
     56      52      59
     56       4      57
    695      57       4
     56      57      58
     58      53      56
     56      53      52
     58     703      53
     53     703     704
     53     704      50
     50      52      53
    704      54      50
     50      54      55
     50      55      51
     50      51      52
    158     152     151
    158     151     159
    169     152     158
    169     161     152
    168     161     169
    168     162     161
    179     162     168
    179     171     162
    178     171     179
    178     172     171
    184     172     178
    184     181     172
    183     181     184
    183     182     181
    180     181     182
    180     173     181
    172     181     173
    735     173     180
    735     174     173
    177     174     735
    177     735     736
    176     174     177
    176     175     174
    167     175     176
    167     164     175
    166     164     167
    166     165     164
    157     165     166
    157     154     165
    156     154     157
    156     155     154
    147     155     156
    147     144     155
    146     144     147
    146     145     144
    730     145     146
    730     728     145
    145     728     138
    729     728     730
    138     728     729
    729     730     731
    200     729     731
    200     196     729
    199     196     200
    199     197     196
    738     197     199
    738     737     197
    188     737     738
    188     738     185
    185     187     188
    185     186     187
    739     187     186
    739     186     741
    190     187     739
    190     739     693
    693     194     190
    693     208     194
    207     194     208
    207     202     194
    201     194     202
    201     191     194
    740     191     201
    740     192     191
    198     192     740
    198     740     734
    149     198     734
    149     140     198
    148     140     149
    148     136     140
    732     136     148
    732     137     136
    135     136     137
    135     140     136
    135     137     138
    138     729     135
    729     139     135
    135     139     140
    198     140     139
    729     196     139
    195     139     196
    198     139     195
    195     192     198
    195     196     197
    197     193     195
    195     193     192
    197     737     193
    193     737     188
    193     188     189
    189     192     193
    189     188     187
    189     187     190
    189     191     192
    189     194     191
    189     190     194
    141     138     137
    145     138     141
    141     144     145
    141     143     144
    155     144     143
    155     143     150
    150     154     155
    150     153     154
    165     154     153
    165     153     160
    160     164     165
    160     163     164
    175     164     163
    175     163     170
    170     174     175
    170     173     174
    172     173     170
    170     171     172
    170     163     171
    162     171     163
    162     163     160
    160     161     162
    160     153     161
    152     161     153
    152     153     150
    150     151     152
    150     143     151
    142     151     143
    159     151     142
    159     142     733
    142     732     733
    142     137     732
    141     137     142
    142     143     141
    308     311     312
    323     312     311
    315     312     323
    314     312     315
    315     323     324
    324     323     322
    324     322     325
    325     322     764
    325     764     765
    764     322     321
    764     321     328
    328     321     329
    328     329     330
    331     330     329
    331     329     332
    332     329     320
    320     329     321
    332     320     326
    326     320     319
    326     319     327
    327     319     310
    310     319     311
    327     310     316
    316     310     309
    308     309     310
    316     309     317
    317     309     300
    317     300     306
    306     300     299
    306     299     307
    307     299     290
    307     290     762
    290     761     762
    290     286     761
    761     286     285
    761     285     296
    296     285     288
    296     288     297
    297     288     345
    297     345     763
    345     770     763
    345     340     770
    770     340     339
    770     339     347
    347     339     342
    347     342     348
    348     342     771
    348     771     772
    771     342     338
    771     338     769
    338     768     769
    338     335     768
    768     335     334
    768     334     773
    333     334     335
    333     335     336
    336     767     333
    336     766     767
    767     766     344
    767     344     346
    344     766     341
    341     766     336
    344     341     343
    343     341     340
    343     281     344
    346     344     281
    346     281     280
    279     280     281
    279     281     282
    282     760     279
    282     759     760
    760     759     293
    760     293     294
    294     293     292
    294     292     295
    295     292     303
    295     303     304
    304     303     302
    304     302     305
    305     302     313
    305     313     314
    314     313     312
    308     312     313
    313     301     308
    313     302     301
    308     301     309
    300     309     301
    300     301     298
    298     301     302
    298     302     303
    298     299     300
    298     291     299
    303     291     298
    303     292     291
    290     299     291
    290     291     289
    289     291     292
    289     286     290
    289     287     286
    293     287     289
    283     286     287
    287     282     283
    283     285     286
    283     288     285
    283     284     288
    345     288     284
    345     284     343
    343     340     345
    343     284     281
    283     281     284
    283     282     281
    287     759     282
    293     759     287
    289     292     293
    337     339     340
    337     342     339
    337     338     342
    337     335     338
    337     336     335
    341     336     337
    337     340     341
    448     452     453
    454     453     452
    445     453     454
    454     452     455
    455     452     463
    455     463     464
    464     463     462
    464     462     465
    465     462     794
    465     794     795
    794     462     461
    794     461     468
    468     461     469
    468     469     470
    471     470     469
    471     469     472
    472     469     460
    460     469     461
    472     460     466
    466     460     459
    466     459     467
    467     459     450
    467     450     456
    456     450     449
    448     449     450
    456     449     457
    457     449     440
    457     440     446
    446     440     439
    446     439     447
    447     439     430
    447     430     792
    430     791     792
    430     426     791
    791     426     425
    791     425     436
    436     425     428
    436     428     437
    437     428     485
    437     485     793
    485     800     793
    485     480     800
    800     480     479
    800     479     487
    487     479     482
    487     482     488
    488     482     801
    488     801     802
    801     482     478
    801     478     799
    478     798     799
    478     475     798
    798     475     474
    798     474     803
    473     474     475
    473     475     476
    476     797     473
    476     796     797
    797     796     484
    797     484     486
    484     796     481
    481     796     476
    484     481     483
    483     481     480
    483     421     484
    486     484     421
    486     421     420
    419     420     421
    419     421     422
    422     790     419
    422     789     790
    790     789     433
    790     433     434
    434     433     432
    434     432     435
    435     432     443
    435     443     444
    444     443     442
    444     442     445
    445     442     453
    453     442     441
    453     441     448
    448     441     449
    440     449     441
    440     441     438
    438     441     442
    438     442     443
    438     439     440
    438     431     439
    443     431     438
    443     432     431
    430     439     431
    430     431     429
    429     431     432
    429     432     433
    429     426     430
    429     427     426
    433     427     429
    423     426     427
    427     422     423
    423     425     426
    423     428     425
    423     424     428
    485     428     424
    485     424     483
    483     480     485
    483     424     421
    423     421     424
    423     422     421
    433     789     427
    427     789     422
    477     479     480
    477     482     479
    477     478     482
    477     475     478
    477     476     475
    481     476     477
    477     480     481
    590     594     595
    596     595     594
    587     595     596
    596     594     597
    597     594     829
    597     829     830
    829     594     593
    590     593     594
    829     593     600
    600     593     601
    600     601     602
    603     602     601
    603     601     604
    604     601     592
    592     601     593
    592     593     590
    604     592     598
    598     592     591
    590     591     592
    598     591     599
    599     591     582
    599     582     588
    588     582     581
    588     581     589
    589     581     572
    589     572     578
    578     572     571
    578     571     579
    579     571     562
    579     562     827
    562     826     827
    562     557     826
    826     557     556
    826     556     568
    568     556     560
    568     560     569
    569     560     616
    569     616     828
    616     833     828
    616     611     833
    833     611     610
    833     610     619
    619     610     205
    619     205     620
    621     620     205
    621     205     204
    203     204     205
    203     205     206
    206     742     203
    206     607     742
    742     607     606
    742     606     743
    605     606     607
    605     607     608
    608     832     605
    608     831     832
    832     831     615
    832     615     617
    617     615     614
    617     614     618
    618     614     823
    618     823     825
    823     824     825
    823     822     824
    824     822     565
    824     565     566
    566     565     564
    566     564     567
    567     564     575
    567     575     576
    576     575     574
    576     574     577
    577     574     585
    577     585     586
    586     585     584
    586     584     587
    587     584     595
    595     584     583
    595     583     590
    590     583     591
    582     591     583
    582     583     580
    580     583     584
    580     584     585
    580     581     582
    580     573     581
    585     573     580
    585     574     573
    572     581     573
    572     573     570
    570     573     574
    570     571     572
    570     574     575
    570     563     571
    575     563     570
    562     571     563
    562     563     561
    561     563     564
    561     557     562
    561     558     557
    565     558     561
    555     557     558
    555     556     557
    555     560     556
    555     559     560
    616     560     559
    616     559     613
    613     611     616
    613     559     614
    613     614     615
    823     614     559
    823     559     555
    558     823     555
    558     822     823
    565     822     558
    561     564     565
    575     564     563
    615     612     613
    613     612     611
    615     831     612
    612     831     608
    612     608     609
    609     611     612
    609     608     607
    609     607     206
    609     206     205
    609     205     610
    609     610     611
    119     124     120
    131     120     124
    725     120     131
    131     124     132
    133     132     124
    133     124     134
    692     134     124
    692     124     123
    119     123     124
    123     724     692
    123     723     724
    724     723     726
    724     726     727
    726     723     720
    720     723     123
    720     123     119
    726     720     722
    720     721     722
    720     719     721
    721     719     127
    721     127     129
    129     127     126
    129     126     130
    130     126     711
    130     711     713
    711     712     713
    711     710     712
    712     710      79
    712      79      80
     80      79      78
     80      78      81
     81      78      89
     81      89      90
     90      89      88
     90      88      91
     91      88      99
     91      99     100
    100      99      98
    100      98     101
    101      98     109
    101     109     110
    110     109     108
    110     108     111
    111     108     717
    111     717     718
    717     108     107
    717     107     114
    114     107     115
    114     115     116
    117     116     115
    117     115     118
    118     115     106
    106     115     107
    118     106     112
    112     106     105
    112     105     113
    113     105      96
    113      96     102
    102      96      95
    102      95     103
    103      95      86
    103      86      92
     92      86      85
     92      85      93
     93      85      76
     93      76     715
     76     714     715
     76      71     714
    714      71      70
    714      70      82
     82      70      74
     82      74      83
     83      74     128
     83     128     716
    128     725     716
    128     121     725
    725     121     120
    119     120     121
    119     121     122
    122     720     119
    122     719     720
    127     719     122
    127     122     125
    125     122     121
    125     121     128
    125     126     127
    125      73     126
    128      73     125
    128      74      73
    711     126      73
    711      73      69
     69      73      74
     69      74      70
     72     711      69
     69      71      72
     72     710     711
     79     710      72
     79      72      75
     75      72      71
     75      78      79
     75      77      78
     76      77      75
     89      78      77
     89      77      84
     84      88      89
     84      77      85
     76      85      77
     75      71      76
     84      85      86
     86      87      84
     84      87      88
     86      95      87
     94      87      95
     94      95      96
     99      87      94
     99      88      87
     94      98      99
     94      97      98
     96      97      94
    109      98      97
     96     105      97
    104      97     105
    109      97     104
    104     105     106
    106     107     104
    104     107     108
    104     108     109
     69      70      71
    238     242     243
    244     243     242
    235     243     244
    244     242     245
    245     242     253
    245     253     254
    254     253     252
    254     252     255
    255     252     749
    255     749     750
    749     252     251
    749     251     258
    258     251     259
    258     259     260
    261     260     259
    261     259     262
    262     259     250
    250     259     251
    262     250     256
    256     250     249
    256     249     257
    257     249     240
    257     240     246
    246     240     239
    238     239     240
    246     239     247
    247     239     230
    247     230     236
    236     230     229
    236     229     237
    237     229     220
    237     220     747
    220     746     747
    220     216     746
    746     216     215
    746     215     226
    226     215     218
    226     218     227
    227     218     275
    227     275     748
    275     755     748
    275     270     755
    755     270     269
    755     269     277
    277     269     272
    277     272     278
    278     272     756
    278     756     757
    756     272     268
    756     268     754
    268     753     754
    268     265     753
    753     265     264
    753     264     758
    263     264     265
    263     265     266
    266     752     263
    266     751     752
    752     751     274
    752     274     276
    274     751     271
    271     751     266
    274     271     273
    273     271     270
    273     211     274
    276     274     211
    276     211     210
    209     210     211
    209     211     212
    212     745     209
    212     744     745
    745     744     223
    745     223     224
    224     223     222
    224     222     225
    225     222     233
    225     233     234
    234     233     232
    234     232     235
    235     232     243
    243     232     231
    243     231     238
    238     231     239
    230     239     231
    230     231     228
    228     231     232
    228     232     233
    228     229     230
    228     221     229
    233     221     228
    233     222     221
    220     229     221
    220     221     219
    219     221     222
    219     222     223
    219     216     220
    219     217     216
    223     217     219
    213     216     217
    217     212     213
    213     215     216
    213     218     215
    213     214     218
    275     218     214
    275     214     273
    273     270     275
    273     214     211
    213     211     214
    213     212     211
    223     744     217
    217     744     212
    267     269     270
    267     272     269
    267     268     272
    267     265     268
    267     266     265
    271     266     267
    267     270     271
    553     544     554
    692     554     544
    553     552     544
    551     544     552
    551     540     544
    819     540     551
    819     541     540
    548     541     819
    548     819     810
    503     548     810
    503     494     548
    502     494     503
    502     490     494
    808     490     502
    808     491     490
    489     490     491
    489     494     490
    489     491     492
    495     492     491
    499     492     495
    499     804     492
    806     804     499
    806     499     500
    500     499     498
    495     498     499
    500     498     501
    501     498     509
    501     509     510
    510     509     508
    510     508     511
    511     508     519
    511     519     520
    520     519     518
    520     518     521
    521     518     529
    521     529     530
    530     529     528
    530     528     531
    531     528     811
    531     811     812
    811     528     527
    811     527     534
    534     527     535
    534     535     536
    537     536     535
    537     535     538
    538     535     526
    526     535     527
    538     526     532
    532     526     525
    532     525     533
    533     525     516
    533     516     522
    522     516     515
    522     515     523
    523     515     506
    523     506     512
    512     506     505
    512     505     513
    513     505     496
    513     496     809
    496     808     809
    496     491     808
    495     491     496
    496     497     495
    496     505     497
    495     497     498
    509     498     497
    509     497     504
    504     497     505
    504     505     506
    504     508     509
    504     507     508
    506     507     504
    506     515     507
    519     508     507
    519     507     514
    514     507     515
    514     518     519
    514     517     518
    516     517     514
    529     518     517
    529     517     524
    524     517     525
    524     528     529
    524     527     528
    526     527     524
    514     515     516
    516     525     517
    524     525     526
    377     360     777
    360     776     777
    360     356     776
    776     356     355
    776     355     366
    366     355     358
    366     358     367
    367     358     415
    367     415     778
    415     785     778
    415     410     785
    785     410     409
    785     409     417
    417     409     412
    417     412     418
    418     412     786
    418     786     787
    786     412     408
    786     408     784
    408     783     784
    408     405     783
    783     405     404
    783     404     788
    403     404     405
    403     405     406
    406     782     403
    406     781     782
    782     781     414
    782     414     416
    414     781     411
    411     781     406
    414     411     413
    413     411     410
    413     351     414
    416     414     351
    416     351     350
    349     350     351
    349     351     352
    352     775     349
    352     774     775
    775     774     363
    775     363     364
    364     363     362
    364     362     365
    365     362     373
    365     373     374
    374     373     372
    374     372     375
    375     372     383
    375     383     384
    384     383     382
    384     382     385
    385     382     393
    385     393     394
    394     393     392
    394     392     395
    395     392     779
    395     779     780
    779     392     391
    779     391     398
    398     391     399
    398     399     400
    401     400     399
    401     399     402
    402     399     390
    390     399     391
    402     390     396
    396     390     389
    396     389     397
    397     389     380
    397     380     386
    386     380     379
    386     379     387
    387     379     370
    387     370     376
    376     370     369
    376     369     377
    377     369     360
    360     369     361
    360     361     359
    359     356     360
    359     361     362
    359     362     363
    373     362     361
    373     361     368
    368     361     369
    368     369     370
    368     372     373
    368     371     372
    370     371     368
    370     379     371
    383     372     371
    383     371     378
    378     371     379
    378     382     383
    378     381     382
    380     381     378
    393     382     381
    393     381     388
    388     381     389
    388     392     393
    388     391     392
    390     391     388
    378     379     380
    380     389     381
    388     389     390
    363     357     359
    359     357     356
    363     774     357
    357     774     352
    357     352     353
    353     356     357
    353     352     351
    353     351     354
    413     354     351
    415     354     413
    413     410     415
    415     358     354
    353     354     358
    353     358     355
    353     355     356
    407     409     410
    407     412     409
    407     408     412
    407     405     408
    407     406     405
    411     406     407
    407     410     411
    450     451     448
    448     451     452
    463     452     451
    450     459     451
    458     451     459
    463     451     458
    458     459     460
    460     461     458
    458     461     462
    458     462     463
    647     650     651
    662     651     650
    654     651     662
    653     651     654
    654     662     663
    663     662     661
    663     661     664
    664     661     841
    664     841     842
    841     661     660
    841     660     667
    667     660     668
    667     668     669
    670     669     668
    670     668     671
    671     668     659
    659     668     660
    671     659     665
    665     659     658
    665     658     666
    666     658     649
    649     658     650
    666     649     655
    655     649     648
    647     648     649
    655     648     656
    656     648     639
    656     639     645
    645     639     638
    645     638     646
    646     638     629
    646     629     839
    629     838     839
    629     624     838
    838     624     623
    838     623     635
    635     623     627
    635     627     636
    636     627     685
    636     685     840
    685     846     840
    685     679     846
    846     679     678
    846     678     688
    688     678     681
    688     681     689
    690     689     681
    690     681     691
    693     691     681
    693     681     677
    677     845     693
    677     674     845
    845     674     673
    845     673     847
    672     673     674
    672     674     675
    675     844     672
    675     843     844
    844     843     684
    844     684     686
    686     684     683
    686     683     687
    687     683     835
    687     835     837
    835     836     837
    835     834     836
    836     834     632
    836     632     633
    633     632     631
    633     631     634
    634     631     642
    634     642     643
    643     642     641
    643     641     644
    644     641     652
    644     652     653
    653     652     651
    647     651     652
    652     640     647
    652     641     640
    647     640     648
    639     648     640
    639     640     637
    637     640     641
    637     641     642
    637     638     639
    637     630     638
    642     630     637
    642     631     630
    629     638     630
    629     630     628
    628     630     631
    628     624     629
    628     625     624
    632     625     628
    622     624     625
    625     835     622
    622     623     624
    622     627     623
    622     626     627
    835     626     622
    685     627     626
    685     626     682
    682     679     685
    682     626     683
    835     683     626
    682     683     684
    684     680     682
    682     680     679
    684     843     680
    680     843     675
    680     675     676
    676     679     680
    676     675     674
    676     674     677
    676     677     681
    676     681     678
    676     678     679
    625     834     835
    632     834     625
    628     631     632
    253     241     248
    248     252     253
    248     251     252
    250     251     248
    248     249     250
    248     241     249
    240     249     241
    240     241     238
    238     241     242
    253     242     241
    539     540     541
    539     544     540
    539     543     544
    692     544     543
    543     818     692
    543     817     818
    818     817     820
    818     820     821
    820     817     814
    814     817     543
    814     543     539
    820     814     816
    814     815     816
    814     813     815
    815     813     547
    815     547     549
    549     547     546
    549     546     550
    550     546     805
    550     805     807
    805     806     807
    805     804     806
    492     804     805
    492     805     489
    805     493     489
    805     546     493
    489     493     494
    548     494     493
    548     493     545
    545     493     546
    545     546     547
    545     541     548
    547     542     545
    545     542     541
    547     813     542
    542     813     814
    542     814     539
    539     541     542
    649     650     647
    662     650     657
    657     661     662
    657     660     661
    659     660     657
    657     658     659
    657     650     658
    318     322     323
    318     321     322
    320     321     318
    318     319     320
    318     311     319
    323     311     318
    310     311     308
